HIEROBJ  EWORLD                                             NONE                
ROOT                                                                            
1.0000000000000E+00 0.000000000000E+00  0.000000000000E+00  0.000000000000E+00  
0.000000000000E+00  1.0000000000000E+00 0.000000000000E+00  0.000000000000E+00  
0.000000000000E+00  0.000000000000E+00  1.0000000000000E+00 0.000000000000E+00  
0.000000000000E+00  0.000000000000E+00  0.000000000000E+00  1.0000000000000E+00 
HIEROBJ  EHIEROBJECT1                                       NONE                
BODYNCBF  WORLD                                   BODY1                         
1.0000000000000E+00 0.000000000000E+00  0.000000000000E+00  0.000000000000E+00  
0.000000000000E+00  1.0000000000000E+00 0.000000000000E+00  0.000000000000E+00  
0.000000000000E+00  0.000000000000E+00  1.0000000000000E+00 0.000000000000E+00  
0.000000000000E+00  0.000000000000E+00  0.000000000000E+00  1.0000000000000E+00 
HIEROBJ  EHIEROBJECT2                                       NONE                
CGTRIAD   HIEROBJECT1                                                           
9.6681556364120E-01 9.0701760521102E-02 2.3883227700528E-01 0.000000000000E+00  
-1.387702833715E-01 9.7136420630279E-01 1.9285846407856E-01 0.000000000000E+00  
-2.145005229694E-01 -2.196013874094E-01 9.5171674162732E-01 0.000000000000E+00  
1.7481354551000E-01 -2.026234546000E-02 -8.423825200000E-04 1.0000000000000E+00 
HIEROBJ  EHIEROBJECT3                                       NONE                
BODYNCBF  WORLD                                   BODY2                         
1.0000000000000E+00 0.000000000000E+00  0.000000000000E+00  0.000000000000E+00  
0.000000000000E+00  1.0000000000000E+00 0.000000000000E+00  0.000000000000E+00  
0.000000000000E+00  0.000000000000E+00  1.0000000000000E+00 0.000000000000E+00  
0.000000000000E+00  0.000000000000E+00  0.000000000000E+00  1.0000000000000E+00 
HIEROBJ  EHIEROBJECT4                                       NONE                
CGTRIAD   HIEROBJECT3                                                           
8.5892162300318E-03 -5.494467461000E-02 9.9845245660299E-01 0.000000000000E+00  
9.9976361393917E-01 2.0415939088241E-02 -7.477009726011E-03 0.000000000000E+00  
-1.997352267006E-02 9.9828065801314E-01 5.5107043370174E-02 0.000000000000E+00  
1.6448834286000E-01 8.0536132200000E-03 2.8310086100000E-02 1.0000000000000E+00 
HIEROBJ  EHIEROBJECT5                                       NONE                
BODYNCBF  WORLD                                   BODY3                         
1.0000000000000E+00 0.000000000000E+00  0.000000000000E+00  0.000000000000E+00  
0.000000000000E+00  1.0000000000000E+00 0.000000000000E+00  0.000000000000E+00  
0.000000000000E+00  0.000000000000E+00  1.0000000000000E+00 0.000000000000E+00  
0.000000000000E+00  0.000000000000E+00  0.000000000000E+00  1.0000000000000E+00 
HIEROBJ  EHIEROBJECT6                                       NONE                
CGTRIAD   HIEROBJECT5                                                           
1.0000000000000E+00 0.000000000000E+00  0.000000000000E+00  0.000000000000E+00  
0.000000000000E+00  8.6253655596877E-01 5.0599475255928E-01 0.000000000000E+00  
0.000000000000E+00  -5.059947525593E-01 8.6253655596877E-01 0.000000000000E+00  
1.5776785653000E-01 2.9685794920000E-02 -1.536601720000E-02 1.0000000000000E+00 
HIEROBJ  EHIEROBJECT7                                       NONE                
BODYNCBF  WORLD                                   BODY4                         
1.0000000000000E+00 0.000000000000E+00  0.000000000000E+00  0.000000000000E+00  
0.000000000000E+00  1.0000000000000E+00 0.000000000000E+00  0.000000000000E+00  
0.000000000000E+00  0.000000000000E+00  1.0000000000000E+00 0.000000000000E+00  
0.000000000000E+00  0.000000000000E+00  0.000000000000E+00  1.0000000000000E+00 
HIEROBJ  EHIEROBJECT8                                       NONE                
CGTRIAD   HIEROBJECT7                                                           
6.1762988896800E-07 9.9999999999947E-01 -8.270600003464E-07 0.000000000000E+00  
1.2912051370109E-07 8.2705992059783E-07 9.9999999999965E-01 0.000000000000E+00  
9.9999999999980E-01 -6.176299957582E-07 -1.291200028841E-07 0.000000000000E+00  
1.7550145366000E-01 5.3499989490000E-02 -2.748848142000E-02 1.0000000000000E+00 
HIEROBJ  EHIEROBJECT9                                       NONE                
BODYNCBF  WORLD                                   BODY5                         
1.0000000000000E+00 0.000000000000E+00  0.000000000000E+00  0.000000000000E+00  
0.000000000000E+00  1.0000000000000E+00 0.000000000000E+00  0.000000000000E+00  
0.000000000000E+00  0.000000000000E+00  1.0000000000000E+00 0.000000000000E+00  
0.000000000000E+00  0.000000000000E+00  0.000000000000E+00  1.0000000000000E+00 
HIEROBJ  EHIEROBJECT10                                      NONE                
CGTRIAD   HIEROBJECT9                                                           
8.1022289294726E-01 -5.861218847170E-01 -5.942468739306E-14 0.000000000000E+00  
4.1525748450500E-02 5.7402927477365E-02 9.9748710073497E-01 0.000000000000E+00  
-5.846490194636E-01 -8.081868844351E-01 7.0848315910442E-02 0.000000000000E+00  
1.9809723119000E-01 -2.799768362000E-02 -2.070905158000E-02 1.0000000000000E+00 
HIEROBJ  EHIEROBJECT11                                      NONE                
BODYNCBF  WORLD                                   BODY6                         
1.0000000000000E+00 0.000000000000E+00  0.000000000000E+00  0.000000000000E+00  
0.000000000000E+00  1.0000000000000E+00 0.000000000000E+00  0.000000000000E+00  
0.000000000000E+00  0.000000000000E+00  1.0000000000000E+00 0.000000000000E+00  
0.000000000000E+00  0.000000000000E+00  0.000000000000E+00  1.0000000000000E+00 
HIEROBJ  EHIEROBJECT12                                      NONE                
CGTRIAD   HIEROBJECT11                                                          
2.1760479634861E-01 9.8881773999371E-04 9.7603646184226E-01 0.000000000000E+00  
-4.544026435849E-03 9.9998967585858E-01 -5.721224773862E-09 0.000000000000E+00  
-9.760263851095E-01 -4.435134239997E-03 2.1760704297987E-01 0.000000000000E+00  
2.3273931671000E-01 -4.078500300000E-04 -3.727987430000E-02 1.0000000000000E+00 
HIEROBJ  EHIEROBJECT13                                      NONE                
BODYNCBF  WORLD                                   BODY7                         
1.0000000000000E+00 0.000000000000E+00  0.000000000000E+00  0.000000000000E+00  
0.000000000000E+00  1.0000000000000E+00 0.000000000000E+00  0.000000000000E+00  
0.000000000000E+00  0.000000000000E+00  1.0000000000000E+00 0.000000000000E+00  
0.000000000000E+00  0.000000000000E+00  0.000000000000E+00  1.0000000000000E+00 
HIEROBJ  EHIEROBJECT14                                      NONE                
CGTRIAD   HIEROBJECT13                                                          
1.0000000000000E+00 0.000000000000E+00  0.000000000000E+00  0.000000000000E+00  
0.000000000000E+00  1.0000000000000E+00 0.000000000000E+00  0.000000000000E+00  
0.000000000000E+00  0.000000000000E+00  1.0000000000000E+00 0.000000000000E+00  
2.3300736129000E-01 -4.066320100000E-04 -2.272687979000E-02 1.0000000000000E+00 
HIEROBJ  EHIEROBJECT15                                      NONE                
BODYNCBF  WORLD                                   BODY8                         
1.0000000000000E+00 0.000000000000E+00  0.000000000000E+00  0.000000000000E+00  
0.000000000000E+00  1.0000000000000E+00 0.000000000000E+00  0.000000000000E+00  
0.000000000000E+00  0.000000000000E+00  1.0000000000000E+00 0.000000000000E+00  
0.000000000000E+00  0.000000000000E+00  0.000000000000E+00  1.0000000000000E+00 
HIEROBJ  EHIEROBJECT16                                      NONE                
CGTRIAD   HIEROBJECT15                                                          
1.0000000000000E+00 8.0499827610653E-09 -4.380000528935E-08 0.000000000000E+00  
4.3800001182408E-08 5.1018000276351E-07 9.9999999999987E-01 0.000000000000E+00  
8.0500051069510E-09 -9.999999999999E-01 5.1018000241092E-07 0.000000000000E+00  
2.1040607673000E-01 0.000000000000E+00  -6.250000029000E-02 1.0000000000000E+00 
HIEROBJ  EHIEROBJECT17                                      NONE                
BODYNCBF  WORLD                                   BODY9                         
1.0000000000000E+00 0.000000000000E+00  0.000000000000E+00  0.000000000000E+00  
0.000000000000E+00  1.0000000000000E+00 0.000000000000E+00  0.000000000000E+00  
0.000000000000E+00  0.000000000000E+00  1.0000000000000E+00 0.000000000000E+00  
0.000000000000E+00  0.000000000000E+00  0.000000000000E+00  1.0000000000000E+00 
HIEROBJ  EHIEROBJECT18                                      NONE                
CGTRIAD   HIEROBJECT17                                                          
1.0000000000000E+00 0.000000000000E+00  0.000000000000E+00  0.000000000000E+00  
0.000000000000E+00  1.0000000000000E+00 0.000000000000E+00  0.000000000000E+00  
0.000000000000E+00  0.000000000000E+00  1.0000000000000E+00 0.000000000000E+00  
0.000000000000E+00  0.000000000000E+00  0.000000000000E+00  1.0000000000000E+00 
HIEROBJ  EHIEROBJECT19                                      NONE                
JFCTRIAD  HIEROBJECT1                                                           
9.6681556364120E-01 9.0701760521102E-02 2.3883227700528E-01 0.000000000000E+00  
-1.387702833715E-01 9.7136420630279E-01 1.9285846407856E-01 0.000000000000E+00  
-2.145005229694E-01 -2.196013874094E-01 9.5171674162732E-01 0.000000000000E+00  
0.000000000000E+00  0.000000000000E+00  0.000000000000E+00  1.0000000000000E+00 
HIEROBJ  EHIEROBJECT20                                      NONE                
JFCTRIAD  HIEROBJECT1                                                           
9.6681556364120E-01 9.0701760521102E-02 2.3883227700528E-01 0.000000000000E+00  
-1.387702833715E-01 9.7136420630279E-01 1.9285846407856E-01 0.000000000000E+00  
-2.145005229694E-01 -2.196013874094E-01 9.5171674162732E-01 0.000000000000E+00  
1.7481354551000E-01 -2.026234546000E-02 -8.423825200000E-04 1.0000000000000E+00 
HIEROBJ  EHIEROBJECT21                                      NONE                
JFCTRIAD  HIEROBJECT1                                                           
2.2204460492503E-16 0.000000000000E+00  1.0000000000000E+00 0.000000000000E+00  
0.000000000000E+00  1.0000000000000E+00 0.000000000000E+00  0.000000000000E+00  
-1.000000000000E+00 0.000000000000E+00  2.2204460492503E-16 0.000000000000E+00  
1.5550000000000E-01 -1.360635393729E-02 2.9051728531319E-02 1.0000000000000E+00 
HIEROBJ  EHIEROBJECT22                                      NONE                
JFCTRIAD  HIEROBJECT1                                                           
1.0000000000000E+00 0.000000000000E+00  0.000000000000E+00  0.000000000000E+00  
0.000000000000E+00  1.0000000000000E+00 0.000000000000E+00  0.000000000000E+00  
0.000000000000E+00  0.000000000000E+00  1.0000000000000E+00 0.000000000000E+00  
1.7550000000000E-01 -2.000000000000E-02 -1.072687979147E-02 1.0000000000000E+00 
HIEROBJ  EHIEROBJECT23                                      NONE                
JFCTRIAD  HIEROBJECT3                                                           
8.5892162300318E-03 -5.494467461000E-02 9.9845245660299E-01 0.000000000000E+00  
9.9976361393917E-01 2.0415939088241E-02 -7.477009726011E-03 0.000000000000E+00  
-1.997352267006E-02 9.9828065801314E-01 5.5107043370174E-02 0.000000000000E+00  
0.000000000000E+00  0.000000000000E+00  0.000000000000E+00  1.0000000000000E+00 
HIEROBJ  EHIEROBJECT24                                      NONE                
JFCTRIAD  HIEROBJECT3                                                           
8.5892162300318E-03 -5.494467461000E-02 9.9845245660299E-01 0.000000000000E+00  
9.9976361393917E-01 2.0415939088241E-02 -7.477009726011E-03 0.000000000000E+00  
-1.997352267006E-02 9.9828065801314E-01 5.5107043370174E-02 0.000000000000E+00  
1.6448834286000E-01 8.0536132200000E-03 2.8310086100000E-02 1.0000000000000E+00 
HIEROBJ  EHIEROBJECT25                                      NONE                
JFCTRIAD  HIEROBJECT3                                                           
2.2204460492503E-16 0.000000000000E+00  1.0000000000000E+00 0.000000000000E+00  
0.000000000000E+00  1.0000000000000E+00 0.000000000000E+00  0.000000000000E+00  
-1.000000000000E+00 0.000000000000E+00  2.2204460492503E-16 0.000000000000E+00  
1.5550000000000E-01 -1.360635393729E-02 2.9051728531319E-02 1.0000000000000E+00 
HIEROBJ  EHIEROBJECT26                                      NONE                
JFCTRIAD  HIEROBJECT3                                                           
2.2204460492503E-16 0.000000000000E+00  1.0000000000000E+00 0.000000000000E+00  
0.000000000000E+00  1.0000000000000E+00 0.000000000000E+00  0.000000000000E+00  
-1.000000000000E+00 0.000000000000E+00  2.2204460492503E-16 0.000000000000E+00  
1.4850000000000E-01 1.1393646062712E-02 2.8551728531320E-02 1.0000000000000E+00 
HIEROBJ  EHIEROBJECT27                                      NONE                
JFCTRIAD  HIEROBJECT5                                                           
1.0000000000000E+00 0.000000000000E+00  0.000000000000E+00  0.000000000000E+00  
0.000000000000E+00  8.6253655596877E-01 5.0599475255928E-01 0.000000000000E+00  
0.000000000000E+00  -5.059947525593E-01 8.6253655596877E-01 0.000000000000E+00  
0.000000000000E+00  0.000000000000E+00  0.000000000000E+00  1.0000000000000E+00 
HIEROBJ  EHIEROBJECT28                                      NONE                
JFCTRIAD  HIEROBJECT5                                                           
1.0000000000000E+00 0.000000000000E+00  0.000000000000E+00  0.000000000000E+00  
0.000000000000E+00  8.6253655596877E-01 5.0599475255928E-01 0.000000000000E+00  
0.000000000000E+00  -5.059947525593E-01 8.6253655596877E-01 0.000000000000E+00  
1.5776785653000E-01 2.9685794920000E-02 -1.536601720000E-02 1.0000000000000E+00 
HIEROBJ  EHIEROBJECT29                                      NONE                
JFCTRIAD  HIEROBJECT5                                                           
2.2204460492503E-16 0.000000000000E+00  1.0000000000000E+00 0.000000000000E+00  
0.000000000000E+00  1.0000000000000E+00 0.000000000000E+00  0.000000000000E+00  
-1.000000000000E+00 0.000000000000E+00  2.2204460492503E-16 0.000000000000E+00  
1.4850000000000E-01 1.1393646062712E-02 2.8551728531320E-02 1.0000000000000E+00 
HIEROBJ  EHIEROBJECT30                                      NONE                
JFCTRIAD  HIEROBJECT7                                                           
0.000000000000E+00  9.9999999999966E-01 -8.270599204385E-07 0.000000000000E+00  
0.000000000000E+00  8.2705992043852E-07 9.9999999999966E-01 0.000000000000E+00  
1.0000000000000E+00 0.000000000000E+00  0.000000000000E+00  0.000000000000E+00  
0.000000000000E+00  0.000000000000E+00  0.000000000000E+00  1.0000000000000E+00 
HIEROBJ  EHIEROBJECT31                                      NONE                
JFCTRIAD  HIEROBJECT7                                                           
0.000000000000E+00  9.9999999999966E-01 -8.270599204385E-07 0.000000000000E+00  
0.000000000000E+00  8.2705992043852E-07 9.9999999999966E-01 0.000000000000E+00  
1.0000000000000E+00 0.000000000000E+00  0.000000000000E+00  0.000000000000E+00  
1.7550145366000E-01 5.3499989490000E-02 -2.748848142000E-02 1.0000000000000E+00 
HIEROBJ  EHIEROBJECT32                                      NONE                
JFCTRIAD  HIEROBJECT9                                                           
8.1022289294726E-01 -5.861218847170E-01 -5.938999292354E-14 0.000000000000E+00  
4.1525748450500E-02 5.7402927477365E-02 9.9748710073497E-01 0.000000000000E+00  
-5.846490194636E-01 -8.081868844351E-01 7.0848315910442E-02 0.000000000000E+00  
0.000000000000E+00  0.000000000000E+00  0.000000000000E+00  1.0000000000000E+00 
HIEROBJ  EHIEROBJECT33                                      NONE                
JFCTRIAD  HIEROBJECT9                                                           
8.1022289294726E-01 -5.861218847170E-01 -5.938999292354E-14 0.000000000000E+00  
4.1525748450500E-02 5.7402927477365E-02 9.9748710073497E-01 0.000000000000E+00  
-5.846490194636E-01 -8.081868844351E-01 7.0848315910442E-02 0.000000000000E+00  
1.9809723119000E-01 -2.799768362000E-02 -2.070905158000E-02 1.0000000000000E+00 
HIEROBJ  EHIEROBJECT34                                      NONE                
JFCTRIAD  HIEROBJECT11                                                          
2.1760479634861E-01 9.8881773999371E-04 9.7603646184226E-01 0.000000000000E+00  
-4.544026435849E-03 9.9998967585858E-01 -5.721224770414E-09 0.000000000000E+00  
-9.760263851095E-01 -4.435134239997E-03 2.1760704297987E-01 0.000000000000E+00  
0.000000000000E+00  0.000000000000E+00  0.000000000000E+00  1.0000000000000E+00 
HIEROBJ  EHIEROBJECT35                                      NONE                
JFCTRIAD  HIEROBJECT11                                                          
2.1760479634861E-01 9.8881773999371E-04 9.7603646184226E-01 0.000000000000E+00  
-4.544026435849E-03 9.9998967585858E-01 -5.721224770306E-09 0.000000000000E+00  
-9.760263851095E-01 -4.435134239997E-03 2.1760704297987E-01 0.000000000000E+00  
2.3273931671000E-01 -4.078500300000E-04 -3.727987430000E-02 1.0000000000000E+00 
HIEROBJ  EHIEROBJECT36                                      NONE                
JFCTRIAD  HIEROBJECT11                                                          
1.0000000000000E+00 0.000000000000E+00  0.000000000000E+00  0.000000000000E+00  
0.000000000000E+00  1.0000000000000E+00 0.000000000000E+00  0.000000000000E+00  
0.000000000000E+00  0.000000000000E+00  1.0000000000000E+00 0.000000000000E+00  
2.3300736129059E-01 -4.066320061839E-04 -3.572687979147E-02 1.0000000000000E+00 
HIEROBJ  EHIEROBJECT37                                      NONE                
JFCTRIAD  HIEROBJECT13                                                          
1.0000000000000E+00 0.000000000000E+00  0.000000000000E+00  0.000000000000E+00  
0.000000000000E+00  1.0000000000000E+00 0.000000000000E+00  0.000000000000E+00  
0.000000000000E+00  0.000000000000E+00  1.0000000000000E+00 0.000000000000E+00  
0.000000000000E+00  0.000000000000E+00  0.000000000000E+00  1.0000000000000E+00 
HIEROBJ  EHIEROBJECT38                                      NONE                
JFCTRIAD  HIEROBJECT13                                                          
1.0000000000000E+00 0.000000000000E+00  0.000000000000E+00  0.000000000000E+00  
0.000000000000E+00  1.0000000000000E+00 0.000000000000E+00  0.000000000000E+00  
0.000000000000E+00  0.000000000000E+00  1.0000000000000E+00 0.000000000000E+00  
2.3300736129000E-01 -4.066320100000E-04 -2.272687979000E-02 1.0000000000000E+00 
HIEROBJ  EHIEROBJECT39                                      NONE                
JFCTRIAD  HIEROBJECT15                                                          
1.0000000000000E+00 8.0499827610653E-09 -4.380000528935E-08 0.000000000000E+00  
4.3800001182408E-08 5.1018000304113E-07 9.9999999999987E-01 0.000000000000E+00  
8.0500051069510E-09 -9.999999999999E-01 5.1018000268854E-07 0.000000000000E+00  
0.000000000000E+00  0.000000000000E+00  0.000000000000E+00  1.0000000000000E+00 
HIEROBJ  EHIEROBJECT40                                      NONE                
JFCTRIAD  HIEROBJECT15                                                          
1.0000000000000E+00 8.0499827610663E-09 -4.380000528936E-08 0.000000000000E+00  
4.3800001182417E-08 5.1018000304113E-07 9.9999999999987E-01 0.000000000000E+00  
8.0500051069521E-09 -9.999999999999E-01 5.1018000268854E-07 0.000000000000E+00  
2.1040607673000E-01 0.000000000000E+00  -6.250000029000E-02 1.0000000000000E+00 
HIEROBJ  EHIEROBJECT41                                      NONE                
JFCTRIAD  HIEROBJECT15                                                          
2.2204460492503E-16 0.000000000000E+00  -1.000000000000E+00 0.000000000000E+00  
0.000000000000E+00  1.0000000000000E+00 0.000000000000E+00  0.000000000000E+00  
1.0000000000000E+00 0.000000000000E+00  2.2204460492503E-16 0.000000000000E+00  
2.0023436311016E-01 0.000000000000E+00  -6.250000000000E-02 1.0000000000000E+00 
HIEROBJ  EHIEROBJECT42                                      NONE                
JFCTRIAD  HIEROBJECT17                                                          
2.2204460492503E-16 0.000000000000E+00  -1.000000000000E+00 0.000000000000E+00  
0.000000000000E+00  1.0000000000000E+00 0.000000000000E+00  0.000000000000E+00  
1.0000000000000E+00 0.000000000000E+00  2.2204460492503E-16 0.000000000000E+00  
2.0023436311016E-01 0.000000000000E+00  -6.250000000000E-02 1.0000000000000E+00 
HIEROBJ  EHIEROBJECT43                                      NONE                
JFCTRIAD  HIEROBJECT17                                                          
1.0000000000000E+00 0.000000000000E+00  0.000000000000E+00  0.000000000000E+00  
0.000000000000E+00  1.0000000000000E+00 0.000000000000E+00  0.000000000000E+00  
0.000000000000E+00  0.000000000000E+00  1.0000000000000E+00 0.000000000000E+00  
2.3300736129059E-01 -4.066320061839E-04 -3.572687979147E-02 1.0000000000000E+00 
HIEROBJ  EHIEROBJECT44                                      NONE                
JFCTRIAD  HIEROBJECT17                                                          
1.0000000000000E+00 0.000000000000E+00  0.000000000000E+00  0.000000000000E+00  
0.000000000000E+00  1.0000000000000E+00 0.000000000000E+00  0.000000000000E+00  
0.000000000000E+00  0.000000000000E+00  1.0000000000000E+00 0.000000000000E+00  
1.7550000000000E-01 -2.000000000000E-02 -1.072687979147E-02 1.0000000000000E+00 
HIEROBJ  EHIEROBJECT45                                      NONE                
JFCTRIAD  HIEROBJECT17                                                          
1.0000000000000E+00 0.000000000000E+00  0.000000000000E+00  0.000000000000E+00  
0.000000000000E+00  1.0000000000000E+00 0.000000000000E+00  0.000000000000E+00  
0.000000000000E+00  0.000000000000E+00  1.0000000000000E+00 0.000000000000E+00  
0.000000000000E+00  0.000000000000E+00  0.000000000000E+00  1.0000000000000E+00 
NAMEMAP   WORLD               5    5    UTF8 UTF8 ELEMENT                       
WORLD                                                                           
WORLD                                                                           
NAMEMAP   HIEROBJECT1         14   14   UTF8 UTF8 ELEMENT                       
B001/B001_NCBF                                                                  
B001/B001_NCBF                                                                  
NAMEMAP   HIEROBJECT2         12   12   UTF8 UTF8 ELEMENT                       
B001/B001_cm                                                                    
B001/B001_cm                                                                    
NAMEMAP   HIEROBJECT3         14   14   UTF8 UTF8 ELEMENT                       
B002/B002_NCBF                                                                  
B002/B002_NCBF                                                                  
NAMEMAP   HIEROBJECT4         12   12   UTF8 UTF8 ELEMENT                       
B002/B002_cm                                                                    
B002/B002_cm                                                                    
NAMEMAP   HIEROBJECT5         14   14   UTF8 UTF8 ELEMENT                       
B003/B003_NCBF                                                                  
B003/B003_NCBF                                                                  
NAMEMAP   HIEROBJECT6         12   12   UTF8 UTF8 ELEMENT                       
B003/B003_cm                                                                    
B003/B003_cm                                                                    
NAMEMAP   HIEROBJECT7         14   14   UTF8 UTF8 ELEMENT                       
B004/B004_NCBF                                                                  
B004/B004_NCBF                                                                  
NAMEMAP   HIEROBJECT8         12   12   UTF8 UTF8 ELEMENT                       
B004/B004_cm                                                                    
B004/B004_cm                                                                    
NAMEMAP   HIEROBJECT9         14   14   UTF8 UTF8 ELEMENT                       
B005/B005_NCBF                                                                  
B005/B005_NCBF                                                                  
NAMEMAP   HIEROBJECT10        12   12   UTF8 UTF8 ELEMENT                       
B005/B005_cm                                                                    
B005/B005_cm                                                                    
NAMEMAP   HIEROBJECT11        14   14   UTF8 UTF8 ELEMENT                       
B006/B006_NCBF                                                                  
B006/B006_NCBF                                                                  
NAMEMAP   HIEROBJECT12        12   12   UTF8 UTF8 ELEMENT                       
B006/B006_cm                                                                    
B006/B006_cm                                                                    
NAMEMAP   HIEROBJECT13        14   14   UTF8 UTF8 ELEMENT                       
B007/B007_NCBF                                                                  
B007/B007_NCBF                                                                  
NAMEMAP   HIEROBJECT14        12   12   UTF8 UTF8 ELEMENT                       
B007/B007_cm                                                                    
B007/B007_cm                                                                    
NAMEMAP   HIEROBJECT15        14   14   UTF8 UTF8 ELEMENT                       
B008/B008_NCBF                                                                  
B008/B008_NCBF                                                                  
NAMEMAP   HIEROBJECT16        12   12   UTF8 UTF8 ELEMENT                       
B008/B008_cm                                                                    
B008/B008_cm                                                                    
NAMEMAP   HIEROBJECT17        26   26   UTF8 UTF8 ELEMENT                       
the_ground/the_ground_NCBF                                                      
the_ground/the_ground_NCBF                                                      
NAMEMAP   HIEROBJECT18        13   13   UTF8 UTF8 ELEMENT                       
the_ground_cm                                                                   
the_ground_cm                                                                   
NAMEMAP   HIEROBJECT19        13   13   UTF8 UTF8 ELEMENT                       
B001/B001_coi                                                                   
B001/B001_coi                                                                   
NAMEMAP   HIEROBJECT20        13   13   UTF8 UTF8 ELEMENT                       
B001/B001_com                                                                   
B001/B001_com                                                                   
NAMEMAP   HIEROBJECT21        5    11   UTF8 UTF8 ELEMENT                       
3/169                                                                           
B001/J003_j                                                                     
NAMEMAP   HIEROBJECT22        5    11   UTF8 UTF8 ELEMENT                       
3/204                                                                           
B001/J005_i                                                                     
NAMEMAP   HIEROBJECT23        13   13   UTF8 UTF8 ELEMENT                       
B002/B002_coi                                                                   
B002/B002_coi                                                                   
NAMEMAP   HIEROBJECT24        13   13   UTF8 UTF8 ELEMENT                       
B002/B002_com                                                                   
B002/B002_com                                                                   
NAMEMAP   HIEROBJECT25        6    11   UTF8 UTF8 ELEMENT                       
15/168                                                                          
B002/J003_i                                                                     
NAMEMAP   HIEROBJECT26        6    11   UTF8 UTF8 ELEMENT                       
15/193                                                                          
B002/J004_j                                                                     
NAMEMAP   HIEROBJECT27        13   13   UTF8 UTF8 ELEMENT                       
B003/B003_coi                                                                   
B003/B003_coi                                                                   
NAMEMAP   HIEROBJECT28        13   13   UTF8 UTF8 ELEMENT                       
B003/B003_com                                                                   
B003/B003_com                                                                   
NAMEMAP   HIEROBJECT29        6    11   UTF8 UTF8 ELEMENT                       
27/192                                                                          
B003/J004_i                                                                     
NAMEMAP   HIEROBJECT30        13   13   UTF8 UTF8 ELEMENT                       
B004/B004_coi                                                                   
B004/B004_coi                                                                   
NAMEMAP   HIEROBJECT31        13   13   UTF8 UTF8 ELEMENT                       
B004/B004_com                                                                   
B004/B004_com                                                                   
NAMEMAP   HIEROBJECT32        13   13   UTF8 UTF8 ELEMENT                       
B005/B005_coi                                                                   
B005/B005_coi                                                                   
NAMEMAP   HIEROBJECT33        13   13   UTF8 UTF8 ELEMENT                       
B005/B005_com                                                                   
B005/B005_com                                                                   
NAMEMAP   HIEROBJECT34        13   13   UTF8 UTF8 ELEMENT                       
B006/B006_coi                                                                   
B006/B006_coi                                                                   
NAMEMAP   HIEROBJECT35        13   13   UTF8 UTF8 ELEMENT                       
B006/B006_com                                                                   
B006/B006_com                                                                   
NAMEMAP   HIEROBJECT36        6    11   UTF8 UTF8 ELEMENT                       
63/132                                                                          
B006/J002_i                                                                     
NAMEMAP   HIEROBJECT37        13   13   UTF8 UTF8 ELEMENT                       
B007/B007_coi                                                                   
B007/B007_coi                                                                   
NAMEMAP   HIEROBJECT38        13   13   UTF8 UTF8 ELEMENT                       
B007/B007_com                                                                   
B007/B007_com                                                                   
NAMEMAP   HIEROBJECT39        13   13   UTF8 UTF8 ELEMENT                       
B008/B008_coi                                                                   
B008/B008_coi                                                                   
NAMEMAP   HIEROBJECT40        13   13   UTF8 UTF8 ELEMENT                       
B008/B008_com                                                                   
B008/B008_com                                                                   
NAMEMAP   HIEROBJECT41        6    11   UTF8 UTF8 ELEMENT                       
87/108                                                                          
B008/J001_i                                                                     
NAMEMAP   HIEROBJECT42        5    17   UTF8 UTF8 ELEMENT                       
2/109                                                                           
the_ground/J001_j                                                               
NAMEMAP   HIEROBJECT43        5    17   UTF8 UTF8 ELEMENT                       
2/133                                                                           
the_ground/J002_j                                                               
NAMEMAP   HIEROBJECT44        5    17   UTF8 UTF8 ELEMENT                       
2/205                                                                           
the_ground/J005_j                                                               
NAMEMAP   HIEROBJECT45        1    14   UTF8 UTF8 ELEMENT                       
1                                                                               
the_ground/gnd                                                                  
NAMEMAP   CURRENT_DIRECTORY   90   0    UTF8 UTF8 FILE                          
C:\Users\Ana's Office\João\PROJETO 2023\PROJETO-2023\R3 - SUB -ASSEMBLY LUCAS H
. R. SILVA                                                                      
SYSTEM   GMETER               DYNAMIC             SPARSE    FULL_NCBF      TRUE 
9.8066500000000E+00 0.000000000000E+00  0.000000000000E+00  -1.000000000000E+00 
1.0000000000000E+00 0.000000000000E+00  1.0000000000000E+00 1.0000000000000E-02 
1.0000000000000E-09 1.0000000000000E-03 NULL_FALSEBINARY_ONLFALSEKILOGNEWTO    1
NONE                NONE                    1NONE                TRUE ITERAFALSE
NONE                NONE                                                        
NONE                                                                            
HEADER                                                                          
SET_IASIZE =    5000000;                                                        
SET_DASIZE =    5000000;                                                        
SDK_BUILD_INFO = RC1980MU_rc1 2021-09-17                                        
END                                                                             
DYNAMIC  ETRUE      INTERPOLATED        GLOBAL    BDF           1     HARWELL   
5.0000000000000E-02 1.0000000000000E-03 1.0000000000000E-03 1.0000000000000E-03 
NONE                QR       1TRUE                                              
PRELOAD  F          0.000000000000E+00      0                                   
NONE                                                                            
NONE                                                                            
NCBF     EBODY1_REF           BODY1               PARAMETERSPOSITIVE            
HIEROBJECT1                                                                     
0.000000000000E+00  0.000000000000E+00  0.000000000000E+00                      
BODY     EBODY1               POSITIVE  PARAMETERSFALSEFALSEFALSEFALSE          
NONE                NONE                NONE                                    
NONE                NONE                NONE                                    
HIEROBJECT2                                                                     
0.000000000000E+00  0.000000000000E+00  0.000000000000E+00                      
4.1801984651000E-01 2.6718140000000E-04 2.5608517000000E-04 2.2707286000000E-04 
0.000000000000E+00  0.000000000000E+00  0.000000000000E+00                      
0.000000000000E+00  0.000000000000E+00  0.000000000000E+00  FALSE               
0.000000000000E+00  0.000000000000E+00  0.000000000000E+00                      
NCBF     EBODY2_REF           BODY2               PARAMETERSPOSITIVE            
HIEROBJECT3                                                                     
0.000000000000E+00  0.000000000000E+00  0.000000000000E+00                      
BODY     EBODY2               POSITIVE  PARAMETERSFALSEFALSEFALSEFALSE          
NONE                NONE                NONE                                    
NONE                NONE                NONE                                    
HIEROBJECT4                                                                     
0.000000000000E+00  0.000000000000E+00  0.000000000000E+00                      
2.1277560550000E-02 4.1783300000000E-06 4.0350300000000E-06 4.2586000000000E-07 
0.000000000000E+00  0.000000000000E+00  0.000000000000E+00                      
0.000000000000E+00  0.000000000000E+00  0.000000000000E+00  FALSE               
0.000000000000E+00  0.000000000000E+00  0.000000000000E+00                      
NCBF     EBODY3_REF           BODY3               PARAMETERSPOSITIVE            
HIEROBJECT5                                                                     
0.000000000000E+00  0.000000000000E+00  0.000000000000E+00                      
BODY     EBODY3               POSITIVE  PARAMETERSFALSEFALSEFALSEFALSE          
NONE                NONE                NONE                                    
NONE                NONE                NONE                                    
HIEROBJECT6                                                                     
0.000000000000E+00  0.000000000000E+00  0.000000000000E+00                      
2.6899910610000E-02 1.7770390000000E-05 1.6430330000000E-05 1.5181300000000E-06 
0.000000000000E+00  0.000000000000E+00  0.000000000000E+00                      
0.000000000000E+00  0.000000000000E+00  0.000000000000E+00  FALSE               
0.000000000000E+00  0.000000000000E+00  0.000000000000E+00                      
NCBF     EBODY4_REF           BODY4               PARAMETERSPOSITIVE            
HIEROBJECT7                                                                     
0.000000000000E+00  0.000000000000E+00  0.000000000000E+00                      
BODY     EBODY4               POSITIVE  PARAMETERSTRUE FALSEFALSEFALSE          
NONE                NONE                NONE                                    
NONE                NONE                NONE                                    
HIEROBJECT8                                                                     
0.000000000000E+00  0.000000000000E+00  0.000000000000E+00                      
1.4996432743000E-01 2.9623912000000E-04 2.6272758000000E-04 3.4411330000000E-05 
0.000000000000E+00  0.000000000000E+00  0.000000000000E+00                      
0.000000000000E+00  0.000000000000E+00  0.000000000000E+00  FALSE               
0.000000000000E+00  0.000000000000E+00  0.000000000000E+00                      
NCBF     EBODY5_REF           BODY5               PARAMETERSPOSITIVE            
HIEROBJECT9                                                                     
0.000000000000E+00  0.000000000000E+00  0.000000000000E+00                      
BODY     EBODY5               POSITIVE  PARAMETERSFALSEFALSEFALSEFALSE          
NONE                NONE                NONE                                    
NONE                NONE                NONE                                    
HIEROBJECT10                                                                    
0.000000000000E+00  0.000000000000E+00  0.000000000000E+00                      
2.6586754900000E-02 1.0596140000000E-05 1.0415500000000E-05 4.4803000000000E-07 
0.000000000000E+00  0.000000000000E+00  0.000000000000E+00                      
