HIEROBJ  EWORLD                                             NONE                
ROOT                                                                            
1.0000000000000E+00 0.000000000000E+00  0.000000000000E+00  0.000000000000E+00  
0.000000000000E+00  1.0000000000000E+00 0.000000000000E+00  0.000000000000E+00  
0.000000000000E+00  0.000000000000E+00  1.0000000000000E+00 0.000000000000E+00  
0.000000000000E+00  0.000000000000E+00  0.000000000000E+00  1.0000000000000E+00 
HIEROBJ  EHIEROBJECT1                                       NONE                
BODYNCBF  WORLD                                   BODY1                         
1.0000000000000E+00 0.000000000000E+00  0.000000000000E+00  0.000000000000E+00  
0.000000000000E+00  1.0000000000000E+00 0.000000000000E+00  0.000000000000E+00  
0.000000000000E+00  0.000000000000E+00  1.0000000000000E+00 0.000000000000E+00  
0.000000000000E+00  0.000000000000E+00  0.000000000000E+00  1.0000000000000E+00 
HIEROBJ  EHIEROBJECT2                                       NONE                
CGTRIAD   HIEROBJECT1                                                           
9.8078722610443E-01 -1.950804228495E-01 -2.138486200074E-04 0.000000000000E+00  
2.1370292979460E-04 -2.179363407053E-05 9.9999997692805E-01 0.000000000000E+00  
-1.950804230092E-01 -9.807872491758E-01 2.0314340001739E-05 0.000000000000E+00  
-1.000695180000E-03 7.2064083160000E-02 8.8999952050000E-02 1.0000000000000E+00 
HIEROBJ  EHIEROBJECT3                                       NONE                
BODYNCBF  WORLD                                   BODY2                         
1.0000000000000E+00 0.000000000000E+00  0.000000000000E+00  0.000000000000E+00  
0.000000000000E+00  1.0000000000000E+00 0.000000000000E+00  0.000000000000E+00  
0.000000000000E+00  0.000000000000E+00  1.0000000000000E+00 0.000000000000E+00  
0.000000000000E+00  0.000000000000E+00  0.000000000000E+00  1.0000000000000E+00 
HIEROBJ  EHIEROBJECT4                                       NONE                
CGTRIAD   HIEROBJECT3                                                           
9.8078722610443E-01 -1.950804228495E-01 -2.138486200074E-04 0.000000000000E+00  
2.1370292979460E-04 -2.179363407053E-05 9.9999997692805E-01 0.000000000000E+00  
-1.950804230092E-01 -9.807872491758E-01 2.0314340001739E-05 0.000000000000E+00  
-2.951598400000E-03 6.2256230360000E-02 8.8999952050000E-02 1.0000000000000E+00 
HIEROBJ  EHIEROBJECT5                                       NONE                
BODYNCBF  WORLD                                   BODY3                         
1.0000000000000E+00 0.000000000000E+00  0.000000000000E+00  0.000000000000E+00  
0.000000000000E+00  1.0000000000000E+00 0.000000000000E+00  0.000000000000E+00  
0.000000000000E+00  0.000000000000E+00  1.0000000000000E+00 0.000000000000E+00  
0.000000000000E+00  0.000000000000E+00  0.000000000000E+00  1.0000000000000E+00 
HIEROBJ  EHIEROBJECT6                                       NONE                
CGTRIAD   HIEROBJECT5                                                           
9.8079050805487E-01 -1.950640130643E-01 -1.005819207728E-04 0.000000000000E+00  
-4.551743706314E-02 -2.293650318538E-01 9.7227560140421E-01 0.000000000000E+00  
-1.896790505899E-01 -9.535941028393E-01 -2.338378600598E-01 0.000000000000E+00  
-4.993150290000E-03 5.1992655570000E-02 8.8790874810000E-02 1.0000000000000E+00 
HIEROBJ  EHIEROBJECT7                                       NONE                
BODYNCBF  WORLD                                   BODY4                         
1.0000000000000E+00 0.000000000000E+00  0.000000000000E+00  0.000000000000E+00  
0.000000000000E+00  1.0000000000000E+00 0.000000000000E+00  0.000000000000E+00  
0.000000000000E+00  0.000000000000E+00  1.0000000000000E+00 0.000000000000E+00  
0.000000000000E+00  0.000000000000E+00  0.000000000000E+00  1.0000000000000E+00 
HIEROBJ  EHIEROBJECT8                                       NONE                
CGTRIAD   HIEROBJECT7                                                           
0.000000000000E+00  0.000000000000E+00  1.0000000000000E+00 0.000000000000E+00  
1.0000000000000E+00 0.000000000000E+00  0.000000000000E+00  0.000000000000E+00  
0.000000000000E+00  1.0000000000000E+00 0.000000000000E+00  0.000000000000E+00  
-8.201570910000E-03 3.5862797220000E-02 8.7994161520000E-02 1.0000000000000E+00 
HIEROBJ  EHIEROBJECT9                                       NONE                
BODYNCBF  WORLD                                   BODY5                         
1.0000000000000E+00 0.000000000000E+00  0.000000000000E+00  0.000000000000E+00  
0.000000000000E+00  1.0000000000000E+00 0.000000000000E+00  0.000000000000E+00  
0.000000000000E+00  0.000000000000E+00  1.0000000000000E+00 0.000000000000E+00  
0.000000000000E+00  0.000000000000E+00  0.000000000000E+00  1.0000000000000E+00 
HIEROBJ  EHIEROBJECT10                                      NONE                
CGTRIAD   HIEROBJECT9                                                           
1.9275390624021E-01 9.8124699497958E-01 5.1620992609685E-04 0.000000000000E+00  
9.8018762447287E-01 -1.925213122458E-01 -4.655926504348E-02 0.000000000000E+00  
-4.558675750000E-02 9.4804627899935E-03 -9.989153960000E-01 0.000000000000E+00  
8.0248347000000E-03 8.2713211180000E-02 5.4458290280000E-02 1.0000000000000E+00 
HIEROBJ  EHIEROBJECT11                                      NONE                
BODYNCBF  WORLD                                   BODY6                         
1.0000000000000E+00 0.000000000000E+00  0.000000000000E+00  0.000000000000E+00  
0.000000000000E+00  1.0000000000000E+00 0.000000000000E+00  0.000000000000E+00  
0.000000000000E+00  0.000000000000E+00  1.0000000000000E+00 0.000000000000E+00  
0.000000000000E+00  0.000000000000E+00  0.000000000000E+00  1.0000000000000E+00 
HIEROBJ  EHIEROBJECT12                                      NONE                
CGTRIAD   HIEROBJECT11                                                          
1.0000000000000E+00 0.000000000000E+00  0.000000000000E+00  0.000000000000E+00  
0.000000000000E+00  0.000000000000E+00  1.0000000000000E+00 0.000000000000E+00  
0.000000000000E+00  -1.000000000000E+00 0.000000000000E+00  0.000000000000E+00  
7.2668552600000E-03 5.5668204170000E-02 0.000000000000E+00  1.0000000000000E+00 
HIEROBJ  EHIEROBJECT13                                      NONE                
BODYNCBF  WORLD                                   BODY7                         
1.0000000000000E+00 0.000000000000E+00  0.000000000000E+00  0.000000000000E+00  
0.000000000000E+00  1.0000000000000E+00 0.000000000000E+00  0.000000000000E+00  
0.000000000000E+00  0.000000000000E+00  1.0000000000000E+00 0.000000000000E+00  
0.000000000000E+00  0.000000000000E+00  0.000000000000E+00  1.0000000000000E+00 
HIEROBJ  EHIEROBJECT14                                      NONE                
CGTRIAD   HIEROBJECT13                                                          
-1.726697811722E-03 9.9996083124785E-01 8.6806960996379E-03 0.000000000000E+00  
-1.950826805760E-01 -8.850760990292E-03 9.8074686426681E-01 0.000000000000E+00  
9.8078528040237E-01 0.000000000000E+00  1.9509032202047E-01 0.000000000000E+00  
7.4017534500000E-03 4.9995013540000E-02 -6.781790000000E-04 1.0000000000000E+00 
HIEROBJ  EHIEROBJECT15                                      NONE                
BODYNCBF  WORLD                                   BODY8                         
1.0000000000000E+00 0.000000000000E+00  0.000000000000E+00  0.000000000000E+00  
0.000000000000E+00  1.0000000000000E+00 0.000000000000E+00  0.000000000000E+00  
0.000000000000E+00  0.000000000000E+00  1.0000000000000E+00 0.000000000000E+00  
0.000000000000E+00  0.000000000000E+00  0.000000000000E+00  1.0000000000000E+00 
HIEROBJ  EHIEROBJECT16                                      NONE                
CGTRIAD   HIEROBJECT15                                                          
1.7266978117223E-03 9.9996083124785E-01 8.6806960996379E-03 0.000000000000E+00  
1.9508268057600E-01 -8.850760990292E-03 9.8074686426681E-01 0.000000000000E+00  
9.8078528040237E-01 0.000000000000E+00  -1.950903220205E-01 0.000000000000E+00  
7.4017534500000E-03 1.1575066965000E-01 6.7817900000000E-04 1.0000000000000E+00 
HIEROBJ  EHIEROBJECT17                                      NONE                
BODYNCBF  WORLD                                   BODY9                         
1.0000000000000E+00 0.000000000000E+00  0.000000000000E+00  0.000000000000E+00  
0.000000000000E+00  1.0000000000000E+00 0.000000000000E+00  0.000000000000E+00  
0.000000000000E+00  0.000000000000E+00  1.0000000000000E+00 0.000000000000E+00  
0.000000000000E+00  0.000000000000E+00  0.000000000000E+00  1.0000000000000E+00 
HIEROBJ  EHIEROBJECT18                                      NONE                
CGTRIAD   HIEROBJECT17                                                          
1.0000000000000E+00 0.000000000000E+00  0.000000000000E+00  0.000000000000E+00  
0.000000000000E+00  1.0000000000000E+00 0.000000000000E+00  0.000000000000E+00  
0.000000000000E+00  0.000000000000E+00  1.0000000000000E+00 0.000000000000E+00  
0.000000000000E+00  0.000000000000E+00  0.000000000000E+00  1.0000000000000E+00 
HIEROBJ  EHIEROBJECT19                                      NONE                
JFCTRIAD  HIEROBJECT1                                                           
9.8078722610443E-01 -1.950804228495E-01 -2.138486200075E-04 0.000000000000E+00  
2.1370292979460E-04 -2.179363407056E-05 9.9999997692805E-01 0.000000000000E+00  
-1.950804230092E-01 -9.807872491758E-01 2.0314340001715E-05 0.000000000000E+00  
0.000000000000E+00  0.000000000000E+00  0.000000000000E+00  1.0000000000000E+00 
HIEROBJ  EHIEROBJECT20                                      NONE                
JFCTRIAD  HIEROBJECT1                                                           
9.8078722610443E-01 -1.950804228495E-01 -2.138486200075E-04 0.000000000000E+00  
2.1370292979460E-04 -2.179363407056E-05 9.9999997692805E-01 0.000000000000E+00  
-1.950804230092E-01 -9.807872491758E-01 2.0314340001715E-05 0.000000000000E+00  
-1.000695180000E-03 7.2064083160000E-02 8.8999952050000E-02 1.0000000000000E+00 
HIEROBJ  EHIEROBJECT21                                      NONE                
JFCTRIAD  HIEROBJECT1                                                           
1.0000000000000E+00 0.000000000000E+00  -1.244655623684E-15 0.000000000000E+00  
0.000000000000E+00  1.0000000000000E+00 -5.134781488891E-16 0.000000000000E+00  
1.2446556236839E-15 5.1347814888913E-16 1.0000000000000E+00 0.000000000000E+00  
-7.777385809624E-06 7.7055778996475E-02 9.2500000000000E-02 1.0000000000000E+00 
HIEROBJ  EHIEROBJECT22                                      NONE                
JFCTRIAD  HIEROBJECT1                                                           
1.0000000000000E+00 0.000000000000E+00  -1.244664094013E-15 0.000000000000E+00  
0.000000000000E+00  1.0000000000000E+00 -5.134781488891E-16 0.000000000000E+00  
1.2446640940134E-15 5.1347814888913E-16 1.0000000000000E+00 0.000000000000E+00  
-1.958680605971E-03 6.7247926192442E-02 9.2500000000000E-02 1.0000000000000E+00 
HIEROBJ  EHIEROBJECT23                                      NONE                
JFCTRIAD  HIEROBJECT3                                                           
9.8078722610443E-01 -1.950804228495E-01 -2.138486200075E-04 0.000000000000E+00  
2.1370292979464E-04 -2.179363407034E-05 9.9999997692805E-01 0.000000000000E+00  
-1.950804230092E-01 -9.807872491758E-01 2.0314340001937E-05 0.000000000000E+00  
0.000000000000E+00  0.000000000000E+00  0.000000000000E+00  1.0000000000000E+00 
HIEROBJ  EHIEROBJECT24                                      NONE                
JFCTRIAD  HIEROBJECT3                                                           
9.8078722610443E-01 -1.950804228495E-01 -2.138486200075E-04 0.000000000000E+00  
2.1370292979464E-04 -2.179363407034E-05 9.9999997692805E-01 0.000000000000E+00  
-1.950804230092E-01 -9.807872491758E-01 2.0314340001937E-05 0.000000000000E+00  
-2.951598400000E-03 6.2256230360000E-02 8.8999952050000E-02 1.0000000000000E+00 
HIEROBJ  EHIEROBJECT25                                      NONE                
JFCTRIAD  HIEROBJECT3                                                           
1.0000000000000E+00 0.000000000000E+00  -1.244664094013E-15 0.000000000000E+00  
0.000000000000E+00  1.0000000000000E+00 -5.134781488891E-16 0.000000000000E+00  
1.2446640940134E-15 5.1347814888913E-16 1.0000000000000E+00 0.000000000000E+00  
-1.958680605971E-03 6.7247926192442E-02 9.2500000000000E-02 1.0000000000000E+00 
HIEROBJ  EHIEROBJECT26                                      NONE                
JFCTRIAD  HIEROBJECT3                                                           
1.0000000000000E+00 0.000000000000E+00  -1.244664094013E-15 0.000000000000E+00  
0.000000000000E+00  1.0000000000000E+00 -5.134781488891E-16 0.000000000000E+00  
1.2446640940134E-15 5.1347814888913E-16 1.0000000000000E+00 0.000000000000E+00  
-3.909583826132E-03 5.7440073388410E-02 9.2500000000000E-02 1.0000000000000E+00 
HIEROBJ  EHIEROBJECT27                                      NONE                
JFCTRIAD  HIEROBJECT5                                                           
9.8079050805487E-01 -1.950640130643E-01 -1.005819207727E-04 0.000000000000E+00  
-4.551743706314E-02 -2.293650318538E-01 9.7227560140421E-01 0.000000000000E+00  
-1.896790505899E-01 -9.535941028393E-01 -2.338378600598E-01 0.000000000000E+00  
0.000000000000E+00  0.000000000000E+00  0.000000000000E+00  1.0000000000000E+00 
HIEROBJ  EHIEROBJECT28                                      NONE                
JFCTRIAD  HIEROBJECT5                                                           
9.8079050805487E-01 -1.950640130643E-01 -1.005819207727E-04 0.000000000000E+00  
-4.551743706314E-02 -2.293650318538E-01 9.7227560140421E-01 0.000000000000E+00  
-1.896790505899E-01 -9.535941028393E-01 -2.338378600598E-01 0.000000000000E+00  
-4.993150290000E-03 5.1992655570000E-02 8.8790874810000E-02 1.0000000000000E+00 
HIEROBJ  EHIEROBJECT29                                      NONE                
JFCTRIAD  HIEROBJECT5                                                           
1.0000000000000E+00 0.000000000000E+00  -1.244664094013E-15 0.000000000000E+00  
0.000000000000E+00  1.0000000000000E+00 -5.134781488891E-16 0.000000000000E+00  
1.2446640940134E-15 5.1347814888913E-16 1.0000000000000E+00 0.000000000000E+00  
-3.909583826132E-03 5.7440073388410E-02 9.2500000000000E-02 1.0000000000000E+00 
HIEROBJ  EHIEROBJECT30                                      NONE                
JFCTRIAD  HIEROBJECT5                                                           
1.0000000000000E+00 0.000000000000E+00  -1.243796732275E-15 0.000000000000E+00  
0.000000000000E+00  1.0000000000000E+00 -5.134781488891E-16 0.000000000000E+00  
1.2437967322754E-15 5.1347814888913E-16 1.0000000000000E+00 0.000000000000E+00  
-8.201570910458E-03 3.5862797219683E-02 8.3500000000000E-02 1.0000000000000E+00 
HIEROBJ  EHIEROBJECT31                                      NONE                
JFCTRIAD  HIEROBJECT7                                                           
4.4408920985006E-16 -4.440892098501E-16 1.0000000000000E+00 0.000000000000E+00  
1.0000000000000E+00 0.000000000000E+00  -4.440892098501E-16 0.000000000000E+00  
0.000000000000E+00  1.0000000000000E+00 4.4408920985006E-16 0.000000000000E+00  
0.000000000000E+00  0.000000000000E+00  0.000000000000E+00  1.0000000000000E+00 
HIEROBJ  EHIEROBJECT32                                      NONE                
JFCTRIAD  HIEROBJECT7                                                           
4.4408920985006E-16 -4.440892098501E-16 1.0000000000000E+00 0.000000000000E+00  
1.0000000000000E+00 0.000000000000E+00  -4.440892098501E-16 0.000000000000E+00  
0.000000000000E+00  1.0000000000000E+00 4.4408920985006E-16 0.000000000000E+00  
-8.201570910000E-03 3.5862797220000E-02 8.7994161520000E-02 1.0000000000000E+00 
HIEROBJ  EHIEROBJECT33                                      NONE                
JFCTRIAD  HIEROBJECT7                                                           
1.0000000000000E+00 0.000000000000E+00  -1.243796732275E-15 0.000000000000E+00  
0.000000000000E+00  1.0000000000000E+00 -5.134781488891E-16 0.000000000000E+00  
1.2437967322754E-15 5.1347814888913E-16 1.0000000000000E+00 0.000000000000E+00  
-8.201570910458E-03 3.5862797219683E-02 8.3500000000000E-02 1.0000000000000E+00 
HIEROBJ  EHIEROBJECT34                                      NONE                
JFCTRIAD  HIEROBJECT9                                                           
1.9275390624021E-01 9.8124699497958E-01 5.1620992609689E-04 0.000000000000E+00  
9.8018762447287E-01 -1.925213122458E-01 -4.655926504348E-02 0.000000000000E+00  
-4.558675750000E-02 9.4804627899935E-03 -9.989153960000E-01 0.000000000000E+00  
0.000000000000E+00  0.000000000000E+00  0.000000000000E+00  1.0000000000000E+00 
HIEROBJ  EHIEROBJECT35                                      NONE                
JFCTRIAD  HIEROBJECT9                                                           
1.9275390624021E-01 9.8124699497958E-01 5.1620992609689E-04 0.000000000000E+00  
9.8018762447287E-01 -1.925213122458E-01 -4.655926504348E-02 0.000000000000E+00  
-4.558675750000E-02 9.4804627899935E-03 -9.989153960000E-01 0.000000000000E+00  
8.0248347000000E-03 8.2713211180000E-02 5.4458290280000E-02 1.0000000000000E+00 
HIEROBJ  EHIEROBJECT36                                      NONE                
JFCTRIAD  HIEROBJECT9                                                           
1.0000000000000E+00 0.000000000000E+00  -7.875644580935E-16 0.000000000000E+00  
0.000000000000E+00  1.0000000000000E+00 1.7763568394003E-15 0.000000000000E+00  
7.8756445809347E-16 -1.776356839400E-15 1.0000000000000E+00 0.000000000000E+00  
7.2668552567658E-03 8.2872841598305E-02 3.6000000000000E-02 1.0000000000000E+00 
HIEROBJ  EHIEROBJECT37                                      NONE                
JFCTRIAD  HIEROBJECT9                                                           
1.0000000000000E+00 0.000000000000E+00  -1.244655623684E-15 0.000000000000E+00  
0.000000000000E+00  1.0000000000000E+00 -5.134781488891E-16 0.000000000000E+00  
1.2446556236839E-15 5.1347814888913E-16 1.0000000000000E+00 0.000000000000E+00  
-7.777385809624E-06 7.7055778996475E-02 9.2500000000000E-02 1.0000000000000E+00 
HIEROBJ  EHIEROBJECT38                                      NONE                
JFCTRIAD  HIEROBJECT11                                                          
1.0000000000000E+00 0.000000000000E+00  0.000000000000E+00  0.000000000000E+00  
0.000000000000E+00  2.2204460492503E-16 1.0000000000000E+00 0.000000000000E+00  
0.000000000000E+00  -1.000000000000E+00 2.2204460492503E-16 0.000000000000E+00  
0.000000000000E+00  0.000000000000E+00  0.000000000000E+00  1.0000000000000E+00 
HIEROBJ  EHIEROBJECT39                                      NONE                
JFCTRIAD  HIEROBJECT11                                                          
1.0000000000000E+00 0.000000000000E+00  0.000000000000E+00  0.000000000000E+00  
0.000000000000E+00  2.2204460492503E-16 1.0000000000000E+00 0.000000000000E+00  
0.000000000000E+00  -1.000000000000E+00 2.2204460492503E-16 0.000000000000E+00  
7.2668552600000E-03 5.5668204170000E-02 0.000000000000E+00  1.0000000000000E+00 
HIEROBJ  EHIEROBJECT40                                      NONE                
JFCTRIAD  HIEROBJECT13                                                          
-1.726697811722E-03 9.9996083124785E-01 8.6806960996380E-03 0.000000000000E+00  
-1.950826805760E-01 -8.850760990292E-03 9.8074686426681E-01 0.000000000000E+00  
9.8078528040237E-01 0.000000000000E+00  1.9509032202047E-01 0.000000000000E+00  
0.000000000000E+00  0.000000000000E+00  0.000000000000E+00  1.0000000000000E+00 
HIEROBJ  EHIEROBJECT41                                      NONE                
JFCTRIAD  HIEROBJECT13                                                          
-1.726697811722E-03 9.9996083124785E-01 8.6806960996380E-03 0.000000000000E+00  
-1.950826805760E-01 -8.850760990292E-03 9.8074686426681E-01 0.000000000000E+00  
9.8078528040237E-01 0.000000000000E+00  1.9509032202047E-01 0.000000000000E+00  
7.4017534500000E-03 4.9995013540000E-02 -6.781790000000E-04 1.0000000000000E+00 
HIEROBJ  EHIEROBJECT42                                      NONE                
JFCTRIAD  HIEROBJECT13                                                          
4.4408920985006E-16 4.4408920985006E-16 -1.000000000000E+00 0.000000000000E+00  
-1.000000000000E+00 0.000000000000E+00  -4.440892098501E-16 0.000000000000E+00  
0.000000000000E+00  1.0000000000000E+00 4.4408920985006E-16 0.000000000000E+00  
7.2668552567658E-03 5.2872841598305E-02 0.000000000000E+00  1.0000000000000E+00 
HIEROBJ  EHIEROBJECT43                                      NONE                
JFCTRIAD  HIEROBJECT15                                                          
1.7266978117222E-03 9.9996083124785E-01 8.6806960996382E-03 0.000000000000E+00  
1.9508268057600E-01 -8.850760990292E-03 9.8074686426681E-01 0.000000000000E+00  
9.8078528040237E-01 1.1102230246252E-16 -1.950903220205E-01 0.000000000000E+00  
0.000000000000E+00  0.000000000000E+00  0.000000000000E+00  1.0000000000000E+00 
HIEROBJ  EHIEROBJECT44                                      NONE                
JFCTRIAD  HIEROBJECT15                                                          
1.7266978117222E-03 9.9996083124785E-01 8.6806960996382E-03 0.000000000000E+00  
1.9508268057600E-01 -8.850760990292E-03 9.8074686426681E-01 0.000000000000E+00  
9.8078528040237E-01 1.1102230246252E-16 -1.950903220205E-01 0.000000000000E+00  
7.4017534500000E-03 1.1575066965000E-01 6.7817900000000E-04 1.0000000000000E+00 
HIEROBJ  EHIEROBJECT45                                      NONE                
JFCTRIAD  HIEROBJECT15                                                          
4.4408920985006E-16 4.4408920985006E-16 -1.000000000000E+00 0.000000000000E+00  
-1.000000000000E+00 0.000000000000E+00  -4.440892098501E-16 0.000000000000E+00  
0.000000000000E+00  1.0000000000000E+00 4.4408920985006E-16 0.000000000000E+00  
7.2668552567659E-03 1.1887284159830E-01 0.000000000000E+00  1.0000000000000E+00 
HIEROBJ  EHIEROBJECT46                                      NONE                
JFCTRIAD  HIEROBJECT17                                                          
4.4408920985006E-16 4.4408920985006E-16 -1.000000000000E+00 0.000000000000E+00  
-1.000000000000E+00 0.000000000000E+00  -4.440892098501E-16 0.000000000000E+00  
0.000000000000E+00  1.0000000000000E+00 4.4408920985006E-16 0.000000000000E+00  
7.2668552567659E-03 1.1887284159830E-01 0.000000000000E+00  1.0000000000000E+00 
HIEROBJ  EHIEROBJECT47                                      NONE                
JFCTRIAD  HIEROBJECT17                                                          
4.4408920985006E-16 4.4408920985006E-16 -1.000000000000E+00 0.000000000000E+00  
-1.000000000000E+00 0.000000000000E+00  -4.440892098501E-16 0.000000000000E+00  
0.000000000000E+00  1.0000000000000E+00 4.4408920985006E-16 0.000000000000E+00  
7.2668552567658E-03 5.2872841598305E-02 0.000000000000E+00  1.0000000000000E+00 
HIEROBJ  EHIEROBJECT48                                      NONE                
JFCTRIAD  HIEROBJECT17                                                          
1.0000000000000E+00 0.000000000000E+00  -7.875644580935E-16 0.000000000000E+00  
0.000000000000E+00  1.0000000000000E+00 1.7763568394003E-15 0.000000000000E+00  
7.8756445809347E-16 -1.776356839400E-15 1.0000000000000E+00 0.000000000000E+00  
7.2668552567658E-03 8.2872841598305E-02 3.6000000000000E-02 1.0000000000000E+00 
HIEROBJ  EHIEROBJECT49                                      NONE                
JFCTRIAD  HIEROBJECT17                                                          
1.0000000000000E+00 0.000000000000E+00  0.000000000000E+00  0.000000000000E+00  
0.000000000000E+00  1.0000000000000E+00 0.000000000000E+00  0.000000000000E+00  
0.000000000000E+00  0.000000000000E+00  1.0000000000000E+00 0.000000000000E+00  
0.000000000000E+00  0.000000000000E+00  0.000000000000E+00  1.0000000000000E+00 
NAMEMAP   WORLD               5    5    UTF8 UTF8 ELEMENT                       
WORLD                                                                           
WORLD                                                                           
NAMEMAP   HIEROBJECT1         14   14   UTF8 UTF8 ELEMENT                       
B001/B001_NCBF                                                                  
B001/B001_NCBF                                                                  
NAMEMAP   HIEROBJECT2         12   12   UTF8 UTF8 ELEMENT                       
B001/B001_cm                                                                    
B001/B001_cm                                                                    
NAMEMAP   HIEROBJECT3         14   14   UTF8 UTF8 ELEMENT                       
B002/B002_NCBF                                                                  
B002/B002_NCBF                                                                  
NAMEMAP   HIEROBJECT4         12   12   UTF8 UTF8 ELEMENT                       
B002/B002_cm                                                                    
B002/B002_cm                                                                    
NAMEMAP   HIEROBJECT5         14   14   UTF8 UTF8 ELEMENT                       
B003/B003_NCBF                                                                  
B003/B003_NCBF                                                                  
NAMEMAP   HIEROBJECT6         12   12   UTF8 UTF8 ELEMENT                       
B003/B003_cm                                                                    
B003/B003_cm                                                                    
NAMEMAP   HIEROBJECT7         14   14   UTF8 UTF8 ELEMENT                       
B004/B004_NCBF                                                                  
B004/B004_NCBF                                                                  
NAMEMAP   HIEROBJECT8         12   12   UTF8 UTF8 ELEMENT                       
B004/B004_cm                                                                    
B004/B004_cm                                                                    
NAMEMAP   HIEROBJECT9         36   36   UTF8 UTF8 ELEMENT                       
BASE_PERSONAGEM/BASE_PERSONAGEM_NCBF                                            
BASE_PERSONAGEM/BASE_PERSONAGEM_NCBF                                            
NAMEMAP   HIEROBJECT10        34   34   UTF8 UTF8 ELEMENT                       
BASE_PERSONAGEM/BASE_PERSONAGEM_cm                                              
BASE_PERSONAGEM/BASE_PERSONAGEM_cm                                              
NAMEMAP   HIEROBJECT11        14   14   UTF8 UTF8 ELEMENT                       
EIXO/EIXO_NCBF                                                                  
EIXO/EIXO_NCBF                                                                  
NAMEMAP   HIEROBJECT12        12   12   UTF8 UTF8 ELEMENT                       
EIXO/EIXO_cm                                                                    
EIXO/EIXO_cm                                                                    
NAMEMAP   HIEROBJECT13        18   18   UTF8 UTF8 ELEMENT                       
HGEAR1/HGEAR1_NCBF                                                              
HGEAR1/HGEAR1_NCBF                                                              
NAMEMAP   HIEROBJECT14        16   16   UTF8 UTF8 ELEMENT                       
HGEAR1/HGEAR1_cm                                                                
HGEAR1/HGEAR1_cm                                                                
NAMEMAP   HIEROBJECT15        18   18   UTF8 UTF8 ELEMENT                       
HGEAR2/HGEAR2_NCBF                                                              
HGEAR2/HGEAR2_NCBF                                                              
NAMEMAP   HIEROBJECT16        16   16   UTF8 UTF8 ELEMENT                       
HGEAR2/HGEAR2_cm                                                                
HGEAR2/HGEAR2_cm                                                                
NAMEMAP   HIEROBJECT17        26   26   UTF8 UTF8 ELEMENT                       
the_ground/the_ground_NCBF                                                      
the_ground/the_ground_NCBF                                                      
NAMEMAP   HIEROBJECT18        13   13   UTF8 UTF8 ELEMENT                       
the_ground_cm                                                                   
the_ground_cm                                                                   
NAMEMAP   HIEROBJECT19        13   13   UTF8 UTF8 ELEMENT                       
B001/B001_coi                                                                   
B001/B001_coi                                                                   
NAMEMAP   HIEROBJECT20        13   13   UTF8 UTF8 ELEMENT                       
B001/B001_com                                                                   
B001/B001_com                                                                   
NAMEMAP   HIEROBJECT21        5    11   UTF8 UTF8 ELEMENT                       
3/181                                                                           
B001/J004_j                                                                     
NAMEMAP   HIEROBJECT22        5    11   UTF8 UTF8 ELEMENT                       
3/204                                                                           
B001/J005_i                                                                     
NAMEMAP   HIEROBJECT23        13   13   UTF8 UTF8 ELEMENT                       
B002/B002_coi                                                                   
B002/B002_coi                                                                   
NAMEMAP   HIEROBJECT24        13   13   UTF8 UTF8 ELEMENT                       
B002/B002_com                                                                   
B002/B002_com                                                                   
NAMEMAP   HIEROBJECT25        6    11   UTF8 UTF8 ELEMENT                       
15/205                                                                          
B002/J005_j                                                                     
NAMEMAP   HIEROBJECT26        6    11   UTF8 UTF8 ELEMENT                       
15/228                                                                          
B002/J006_i                                                                     
NAMEMAP   HIEROBJECT27        13   13   UTF8 UTF8 ELEMENT                       
B003/B003_coi                                                                   
B003/B003_coi                                                                   
NAMEMAP   HIEROBJECT28        13   13   UTF8 UTF8 ELEMENT                       
B003/B003_com                                                                   
B003/B003_com                                                                   
NAMEMAP   HIEROBJECT29        6    11   UTF8 UTF8 ELEMENT                       
27/229                                                                          
B003/J006_j                                                                     
NAMEMAP   HIEROBJECT30        6    11   UTF8 UTF8 ELEMENT                       
27/252                                                                          
B003/J007_i                                                                     
NAMEMAP   HIEROBJECT31        13   13   UTF8 UTF8 ELEMENT                       
B004/B004_coi                                                                   
B004/B004_coi                                                                   
NAMEMAP   HIEROBJECT32        13   13   UTF8 UTF8 ELEMENT                       
B004/B004_com                                                                   
B004/B004_com                                                                   
NAMEMAP   HIEROBJECT33        6    11   UTF8 UTF8 ELEMENT                       
39/253                                                                          
B004/J007_j                                                                     
NAMEMAP   HIEROBJECT34        35   35   UTF8 UTF8 ELEMENT                       
BASE_PERSONAGEM/BASE_PERSONAGEM_coi                                             
BASE_PERSONAGEM/BASE_PERSONAGEM_coi                                             
NAMEMAP   HIEROBJECT35        35   35   UTF8 UTF8 ELEMENT                       
BASE_PERSONAGEM/BASE_PERSONAGEM_com                                             
BASE_PERSONAGEM/BASE_PERSONAGEM_com                                             
NAMEMAP   HIEROBJECT36        6    22   UTF8 UTF8 ELEMENT                       
51/156                                                                          
BASE_PERSONAGEM/J003_i                                                          
NAMEMAP   HIEROBJECT37        6    22   UTF8 UTF8 ELEMENT                       
51/180                                                                          
BASE_PERSONAGEM/J004_i                                                          
NAMEMAP   HIEROBJECT38        13   13   UTF8 UTF8 ELEMENT                       
EIXO/EIXO_coi                                                                   
EIXO/EIXO_coi                                                                   
NAMEMAP   HIEROBJECT39        13   13   UTF8 UTF8 ELEMENT                       
EIXO/EIXO_com                                                                   
EIXO/EIXO_com                                                                   
NAMEMAP   HIEROBJECT40        17   17   UTF8 UTF8 ELEMENT                       
HGEAR1/HGEAR1_coi                                                               
HGEAR1/HGEAR1_coi                                                               
NAMEMAP   HIEROBJECT41        17   17   UTF8 UTF8 ELEMENT                       
HGEAR1/HGEAR1_com                                                               
HGEAR1/HGEAR1_com                                                               
NAMEMAP   HIEROBJECT42        6    13   UTF8 UTF8 ELEMENT                       
75/132                                                                          
HGEAR1/J002_i                                                                   
NAMEMAP   HIEROBJECT43        17   17   UTF8 UTF8 ELEMENT                       
HGEAR2/HGEAR2_coi                                                               
HGEAR2/HGEAR2_coi                                                               
NAMEMAP   HIEROBJECT44        17   17   UTF8 UTF8 ELEMENT                       
HGEAR2/HGEAR2_com                                                               
HGEAR2/HGEAR2_com                                                               
NAMEMAP   HIEROBJECT45        6    13   UTF8 UTF8 ELEMENT                       
87/108                                                                          
HGEAR2/J001_i                                                                   
NAMEMAP   HIEROBJECT46        5    17   UTF8 UTF8 ELEMENT                       
2/109                                                                           
the_ground/J001_j                                                               
NAMEMAP   HIEROBJECT47        5    17   UTF8 UTF8 ELEMENT                       
2/133                                                                           
the_ground/J002_j                                                               
NAMEMAP   HIEROBJECT48        5    17   UTF8 UTF8 ELEMENT                       
2/157                                                                           
the_ground/J003_j                                                               
NAMEMAP   HIEROBJECT49        1    14   UTF8 UTF8 ELEMENT                       
1                                                                               
the_ground/gnd                                                                  
NAMEMAP   CURRENT_DIRECTORY   90   0    UTF8 UTF8 FILE                          
C:\Users\Ana's Office\João\PROJETO 2023\PROJETO-2023\R1 -SUB-ASSEMBLY JOÃO V C
² MIRANDA                                                                      
SYSTEM   GMETER               DYNAMIC             SPARSE    FULL_NCBF      TRUE 
9.8066500000000E+00 0.000000000000E+00  0.000000000000E+00  -1.000000000000E+00 
1.0000000000000E+00 0.000000000000E+00  2.0000000000000E+00 1.0000000000000E-02 
1.0000000000000E-09 1.0000000000000E-03 NULL_FALSEBINARY_ONLFALSEKILOGNEWTO    1
NONE                NONE                    1NONE                TRUE ITERAFALSE
NONE                NONE                                                        
NONE                                                                            
HEADER                                                                          
SET_IASIZE =    5000000;                                                        
SET_DASIZE =    5000000;                                                        
SDK_BUILD_INFO = RC1980MU_rc1 2021-09-17                                        
END                                                                             
DYNAMIC  ETRUE      INTERPOLATED        GLOBAL    BDF           1     HARWELL   
5.0000000000000E-02 1.0000000000000E-03 1.0000000000000E-03 1.0000000000000E-03 
NONE                QR       1TRUE                                              
PRELOAD  F          0.000000000000E+00      0                                   
NONE                                                                            
NONE                                                                            
NCBF     EBODY1_REF           BODY1               PARAMETERSPOSITIVE            
HIEROBJECT1                                                                     
0.000000000000E+00  0.000000000000E+00  0.000000000000E+00                      
BODY     EBODY1               POSITIVE  PARAMETERSFALSEFALSEFALSEFALSE          
NONE                NONE                NONE                                    
NONE                NONE                NONE                                    
HIEROBJECT2                                                                     
0.000000000000E+00  0.000000000000E+00  0.000000000000E+00                      
2.6271616400000E-03 2.7500000000000E-08 2.6420000000000E-08 1.5580000000000E-08 
0.000000000000E+00  0.000000000000E+00  0.000000000000E+00                      
0.000000000000E+00  0.000000000000E+00  0.000000000000E+00  FALSE               
0.000000000000E+00  0.000000000000E+00  0.000000000000E+00                      
NCBF     EBODY2_REF           BODY2               PARAMETERSPOSITIVE            
HIEROBJECT3                                                                     
0.000000000000E+00  0.000000000000E+00  0.000000000000E+00                      
BODY     EBODY2               POSITIVE  PARAMETERSFALSEFALSEFALSEFALSE          
NONE                NONE                NONE                                    
NONE                NONE                NONE                                    
HIEROBJECT4                                                                     
0.000000000000E+00  0.000000000000E+00  0.000000000000E+00                      
2.6271616400000E-03 2.7500000000000E-08 2.6420000000000E-08 1.5580000000000E-08 
0.000000000000E+00  0.000000000000E+00  0.000000000000E+00                      
