HIEROBJ  EWORLD                                             NONE                
ROOT                                                                            
1.0000000000000E+00 0.000000000000E+00  0.000000000000E+00  0.000000000000E+00  
0.000000000000E+00  1.0000000000000E+00 0.000000000000E+00  0.000000000000E+00  
0.000000000000E+00  0.000000000000E+00  1.0000000000000E+00 0.000000000000E+00  
0.000000000000E+00  0.000000000000E+00  0.000000000000E+00  1.0000000000000E+00 
HIEROBJ  EHIEROBJECT1                                       NONE                
BODYNCBF  WORLD                                   BODY1                         
1.0000000000000E+00 0.000000000000E+00  0.000000000000E+00  0.000000000000E+00  
0.000000000000E+00  1.0000000000000E+00 0.000000000000E+00  0.000000000000E+00  
0.000000000000E+00  0.000000000000E+00  1.0000000000000E+00 0.000000000000E+00  
0.000000000000E+00  0.000000000000E+00  0.000000000000E+00  1.0000000000000E+00 
HIEROBJ  EHIEROBJECT2                                       NONE                
CGTRIAD   HIEROBJECT1                                                           
-1.208642999898E-05 9.9999999992696E-01 7.4097232186593E-08 0.000000000000E+00  
9.9996105672932E-01 1.2085305388821E-05 8.8252410015486E-03 0.000000000000E+00  
8.8252410000085E-03 1.8076000418741E-07 -9.999610568023E-01 0.000000000000E+00  
3.2752220651000E-01 1.1072536345000E-01 1.5543289445000E-01 1.0000000000000E+00 
HIEROBJ  EHIEROBJECT3                                       NONE                
BODYNCBF  WORLD                                   BODY2                         
1.0000000000000E+00 0.000000000000E+00  0.000000000000E+00  0.000000000000E+00  
0.000000000000E+00  1.0000000000000E+00 0.000000000000E+00  0.000000000000E+00  
0.000000000000E+00  0.000000000000E+00  1.0000000000000E+00 0.000000000000E+00  
0.000000000000E+00  0.000000000000E+00  0.000000000000E+00  1.0000000000000E+00 
HIEROBJ  EHIEROBJECT4                                       NONE                
CGTRIAD   HIEROBJECT3                                                           
7.1749424002547E-04 9.9999962291011E-01 4.8926645289002E-04 0.000000000000E+00  
9.9999869680751E-01 -7.167858109208E-04 -1.446582654758E-03 0.000000000000E+00  
-1.446231410015E-03 4.9030373000417E-04 -9.999988340078E-01 0.000000000000E+00  
3.2763515846000E-01 1.5145711751000E-01 1.9942187105000E-01 1.0000000000000E+00 
HIEROBJ  EHIEROBJECT5                                       NONE                
BODYNCBF  WORLD                                   BODY3                         
1.0000000000000E+00 0.000000000000E+00  0.000000000000E+00  0.000000000000E+00  
0.000000000000E+00  1.0000000000000E+00 0.000000000000E+00  0.000000000000E+00  
0.000000000000E+00  0.000000000000E+00  1.0000000000000E+00 0.000000000000E+00  
0.000000000000E+00  0.000000000000E+00  0.000000000000E+00  1.0000000000000E+00 
HIEROBJ  EHIEROBJECT6                                       NONE                
CGTRIAD   HIEROBJECT5                                                           
1.0000000000000E+00 0.000000000000E+00  0.000000000000E+00  0.000000000000E+00  
0.000000000000E+00  1.0000000000000E+00 0.000000000000E+00  0.000000000000E+00  
0.000000000000E+00  0.000000000000E+00  1.0000000000000E+00 0.000000000000E+00  
3.6036123893000E-01 1.1072536508000E-01 1.0699687021000E-01 1.0000000000000E+00 
HIEROBJ  EHIEROBJECT7                                       NONE                
BODYNCBF  WORLD                                   BODY4                         
1.0000000000000E+00 0.000000000000E+00  0.000000000000E+00  0.000000000000E+00  
0.000000000000E+00  1.0000000000000E+00 0.000000000000E+00  0.000000000000E+00  
0.000000000000E+00  0.000000000000E+00  1.0000000000000E+00 0.000000000000E+00  
0.000000000000E+00  0.000000000000E+00  0.000000000000E+00  1.0000000000000E+00 
HIEROBJ  EHIEROBJECT8                                       NONE                
CGTRIAD   HIEROBJECT7                                                           
1.0000000000000E+00 -4.380000528933E-08 -8.049927249914E-09 0.000000000000E+00  
4.3800001182413E-08 9.9999999999987E-01 -5.101799958246E-07 0.000000000000E+00  
8.0499495957998E-09 5.1017999547203E-07 9.9999999999987E-01 0.000000000000E+00  
3.0502956442000E-01 1.1072536479000E-01 1.0699687017000E-01 1.0000000000000E+00 
HIEROBJ  EHIEROBJECT9                                       NONE                
BODYNCBF  WORLD                                   BODY5                         
1.0000000000000E+00 0.000000000000E+00  0.000000000000E+00  0.000000000000E+00  
0.000000000000E+00  1.0000000000000E+00 0.000000000000E+00  0.000000000000E+00  
0.000000000000E+00  0.000000000000E+00  1.0000000000000E+00 0.000000000000E+00  
0.000000000000E+00  0.000000000000E+00  0.000000000000E+00  1.0000000000000E+00 
HIEROBJ  EHIEROBJECT10                                      NONE                
CGTRIAD   HIEROBJECT9                                                           
9.9998725265414E-01 4.1016861205119E-03 -2.944605269787E-03 0.000000000000E+00  
4.4010317590437E-03 -4.221936212365E-01 9.0649499563243E-01 0.000000000000E+00  
2.4749643799353E-03 -9.064963995285E-01 -4.222062910393E-01 0.000000000000E+00  
3.2762132529000E-01 1.3533333026000E-01 1.0845170294000E-01 1.0000000000000E+00 
HIEROBJ  EHIEROBJECT11                                      NONE                
BODYNCBF  WORLD                                   BODY6                         
1.0000000000000E+00 0.000000000000E+00  0.000000000000E+00  0.000000000000E+00  
0.000000000000E+00  1.0000000000000E+00 0.000000000000E+00  0.000000000000E+00  
0.000000000000E+00  0.000000000000E+00  1.0000000000000E+00 0.000000000000E+00  
0.000000000000E+00  0.000000000000E+00  0.000000000000E+00  1.0000000000000E+00 
HIEROBJ  EHIEROBJECT12                                      NONE                
CGTRIAD   HIEROBJECT11                                                          
1.0000000000000E+00 0.000000000000E+00  0.000000000000E+00  0.000000000000E+00  
0.000000000000E+00  1.0000000000000E+00 0.000000000000E+00  0.000000000000E+00  
0.000000000000E+00  0.000000000000E+00  1.0000000000000E+00 0.000000000000E+00  
0.000000000000E+00  0.000000000000E+00  0.000000000000E+00  1.0000000000000E+00 
HIEROBJ  EHIEROBJECT13                                      NONE                
JFCTRIAD  HIEROBJECT1                                                           
-1.208642999906E-05 9.9999999992696E-01 7.4097232031121E-08 0.000000000000E+00  
9.9996105672932E-01 1.2085305388896E-05 8.8252410015486E-03 0.000000000000E+00  
8.8252410000085E-03 1.8076000403260E-07 -9.999610568023E-01 0.000000000000E+00  
0.000000000000E+00  0.000000000000E+00  0.000000000000E+00  1.0000000000000E+00 
HIEROBJ  EHIEROBJECT14                                      NONE                
JFCTRIAD  HIEROBJECT1                                                           
-1.208642999906E-05 9.9999999992696E-01 7.4097232032856E-08 0.000000000000E+00  
9.9996105672932E-01 1.2085305388896E-05 8.8252410015486E-03 0.000000000000E+00  
8.8252410000085E-03 1.8076000403433E-07 -9.999610568023E-01 0.000000000000E+00  
3.2752220651000E-01 1.1072536345000E-01 1.5543289445000E-01 1.0000000000000E+00 
HIEROBJ  EHIEROBJECT15                                      NONE                
JFCTRIAD  HIEROBJECT1                                                           
1.0000000000000E+00 0.000000000000E+00  0.000000000000E+00  0.000000000000E+00  
0.000000000000E+00  1.0000000000000E+00 0.000000000000E+00  0.000000000000E+00  
0.000000000000E+00  0.000000000000E+00  1.0000000000000E+00 0.000000000000E+00  
3.2759602154040E-01 1.1072536508434E-01 1.4299687021003E-01 1.0000000000000E+00 
HIEROBJ  EHIEROBJECT16                                      NONE                
JFCTRIAD  HIEROBJECT3                                                           
7.1749424002565E-04 9.9999962291011E-01 4.8926645289002E-04 0.000000000000E+00  
9.9999869680751E-01 -7.167858109209E-04 -1.446582654758E-03 0.000000000000E+00  
-1.446231410015E-03 4.9030373000416E-04 -9.999988340078E-01 0.000000000000E+00  
0.000000000000E+00  0.000000000000E+00  0.000000000000E+00  1.0000000000000E+00 
HIEROBJ  EHIEROBJECT17                                      NONE                
JFCTRIAD  HIEROBJECT3                                                           
7.1749424002565E-04 9.9999962291011E-01 4.8926645289002E-04 0.000000000000E+00  
9.9999869680751E-01 -7.167858109209E-04 -1.446582654758E-03 0.000000000000E+00  
-1.446231410015E-03 4.9030373000417E-04 -9.999988340078E-01 0.000000000000E+00  
3.2763515846000E-01 1.5145711751000E-01 1.9942187105000E-01 1.0000000000000E+00 
HIEROBJ  EHIEROBJECT18                                      NONE                
JFCTRIAD  HIEROBJECT3                                                           
-1.000000000000E+00 1.1102230246252E-16 0.000000000000E+00  0.000000000000E+00  
1.1102230246252E-16 1.0000000000000E+00 -1.110223024625E-16 0.000000000000E+00  
0.000000000000E+00  -1.110223024625E-16 -1.000000000000E+00 0.000000000000E+00  
3.2759602154040E-01 1.5499848529287E-01 1.1029751036081E-01 1.0000000000000E+00 
HIEROBJ  EHIEROBJECT19                                      NONE                
JFCTRIAD  HIEROBJECT5                                                           
1.0000000000000E+00 0.000000000000E+00  0.000000000000E+00  0.000000000000E+00  
0.000000000000E+00  1.0000000000000E+00 0.000000000000E+00  0.000000000000E+00  
0.000000000000E+00  0.000000000000E+00  1.0000000000000E+00 0.000000000000E+00  
0.000000000000E+00  0.000000000000E+00  0.000000000000E+00  1.0000000000000E+00 
HIEROBJ  EHIEROBJECT20                                      NONE                
JFCTRIAD  HIEROBJECT5                                                           
1.0000000000000E+00 0.000000000000E+00  0.000000000000E+00  0.000000000000E+00  
0.000000000000E+00  1.0000000000000E+00 0.000000000000E+00  0.000000000000E+00  
0.000000000000E+00  0.000000000000E+00  1.0000000000000E+00 0.000000000000E+00  
3.6036123893000E-01 1.1072536508000E-01 1.0699687021000E-01 1.0000000000000E+00 
HIEROBJ  EHIEROBJECT21                                      NONE                
JFCTRIAD  HIEROBJECT5                                                           
2.2204460492503E-16 0.000000000000E+00  -1.000000000000E+00 0.000000000000E+00  
0.000000000000E+00  1.0000000000000E+00 0.000000000000E+00  0.000000000000E+00  
1.0000000000000E+00 0.000000000000E+00  2.2204460492503E-16 0.000000000000E+00  
3.6359602154040E-01 1.1072536508434E-01 1.0699687021003E-01 1.0000000000000E+00 
HIEROBJ  EHIEROBJECT22                                      NONE                
JFCTRIAD  HIEROBJECT7                                                           
1.0000000000000E+00 -4.380000528933E-08 -8.049927249914E-09 0.000000000000E+00  
4.3800001182413E-08 9.9999999999987E-01 -5.101799958246E-07 0.000000000000E+00  
8.0499495957998E-09 5.1017999547203E-07 9.9999999999987E-01 0.000000000000E+00  
0.000000000000E+00  0.000000000000E+00  0.000000000000E+00  1.0000000000000E+00 
HIEROBJ  EHIEROBJECT23                                      NONE                
JFCTRIAD  HIEROBJECT7                                                           
1.0000000000000E+00 -4.380000528936E-08 -8.049927249915E-09 0.000000000000E+00  
4.3800001182445E-08 9.9999999999987E-01 -5.101799958247E-07 0.000000000000E+00  
8.0499495958009E-09 5.1017999547209E-07 9.9999999999987E-01 0.000000000000E+00  
3.0502956442000E-01 1.1072536479000E-01 1.0699687017000E-01 1.0000000000000E+00 
HIEROBJ  EHIEROBJECT24                                      NONE                
JFCTRIAD  HIEROBJECT7                                                           
2.2204460492503E-16 0.000000000000E+00  -1.000000000000E+00 0.000000000000E+00  
0.000000000000E+00  1.0000000000000E+00 0.000000000000E+00  0.000000000000E+00  
1.0000000000000E+00 0.000000000000E+00  2.2204460492503E-16 0.000000000000E+00  
2.9485785079744E-01 1.1072536508434E-01 1.0699687021003E-01 1.0000000000000E+00 
HIEROBJ  EHIEROBJECT25                                      NONE                
JFCTRIAD  HIEROBJECT9                                                           
9.9998725265414E-01 4.1016861205119E-03 -2.944605269787E-03 0.000000000000E+00  
4.4010317590437E-03 -4.221936212365E-01 9.0649499563243E-01 0.000000000000E+00  
2.4749643799353E-03 -9.064963995285E-01 -4.222062910393E-01 0.000000000000E+00  
0.000000000000E+00  0.000000000000E+00  0.000000000000E+00  1.0000000000000E+00 
HIEROBJ  EHIEROBJECT26                                      NONE                
JFCTRIAD  HIEROBJECT9                                                           
9.9998725265414E-01 4.1016861205119E-03 -2.944605269787E-03 0.000000000000E+00  
4.4010317590437E-03 -4.221936212365E-01 9.0649499563243E-01 0.000000000000E+00  
2.4749643799353E-03 -9.064963995285E-01 -4.222062910393E-01 0.000000000000E+00  
3.2762132529000E-01 1.3533333026000E-01 1.0845170294000E-01 1.0000000000000E+00 
HIEROBJ  EHIEROBJECT27                                      NONE                
JFCTRIAD  HIEROBJECT9                                                           
4.4408920985006E-16 4.4408920985006E-16 1.0000000000000E+00 0.000000000000E+00  
-1.000000000000E+00 1.2212453270877E-15 4.4408920985006E-16 0.000000000000E+00  
-1.221245327088E-15 -1.000000000000E+00 4.4408920985006E-16 0.000000000000E+00  
3.2763084897787E-01 1.3749848529287E-01 1.0740350221621E-01 1.0000000000000E+00 
HIEROBJ  EHIEROBJECT28                                      NONE                
JFCTRIAD  HIEROBJECT11                                                          
4.4408920985006E-16 4.4408920985006E-16 1.0000000000000E+00 0.000000000000E+00  
-1.000000000000E+00 1.2212453270877E-15 4.4408920985006E-16 0.000000000000E+00  
-1.221245327088E-15 -1.000000000000E+00 4.4408920985006E-16 0.000000000000E+00  
3.2763084897787E-01 1.3749848529287E-01 1.0740350221621E-01 1.0000000000000E+00 
HIEROBJ  EHIEROBJECT29                                      NONE                
JFCTRIAD  HIEROBJECT11                                                          
2.2204460492503E-16 0.000000000000E+00  -1.000000000000E+00 0.000000000000E+00  
0.000000000000E+00  1.0000000000000E+00 0.000000000000E+00  0.000000000000E+00  
1.0000000000000E+00 0.000000000000E+00  2.2204460492503E-16 0.000000000000E+00  
2.9485785079744E-01 1.1072536508434E-01 1.0699687021003E-01 1.0000000000000E+00 
HIEROBJ  EHIEROBJECT30                                      NONE                
JFCTRIAD  HIEROBJECT11                                                          
2.2204460492503E-16 0.000000000000E+00  -1.000000000000E+00 0.000000000000E+00  
0.000000000000E+00  1.0000000000000E+00 0.000000000000E+00  0.000000000000E+00  
1.0000000000000E+00 0.000000000000E+00  2.2204460492503E-16 0.000000000000E+00  
3.6359602154040E-01 1.1072536508434E-01 1.0699687021003E-01 1.0000000000000E+00 
HIEROBJ  EHIEROBJECT31                                      NONE                
JFCTRIAD  HIEROBJECT11                                                          
1.0000000000000E+00 0.000000000000E+00  0.000000000000E+00  0.000000000000E+00  
0.000000000000E+00  1.0000000000000E+00 0.000000000000E+00  0.000000000000E+00  
0.000000000000E+00  0.000000000000E+00  1.0000000000000E+00 0.000000000000E+00  
3.2759602154040E-01 1.1072536508434E-01 1.4299687021003E-01 1.0000000000000E+00 
HIEROBJ  EHIEROBJECT32                                      NONE                
JFCTRIAD  HIEROBJECT11                                                          
-1.000000000000E+00 1.1102230246252E-16 0.000000000000E+00  0.000000000000E+00  
1.1102230246252E-16 1.0000000000000E+00 -1.110223024625E-16 0.000000000000E+00  
0.000000000000E+00  -1.110223024625E-16 -1.000000000000E+00 0.000000000000E+00  
3.2759602154040E-01 1.5499848529287E-01 1.1029751036081E-01 1.0000000000000E+00 
HIEROBJ  EHIEROBJECT33                                      NONE                
JFCTRIAD  HIEROBJECT11                                                          
1.0000000000000E+00 0.000000000000E+00  0.000000000000E+00  0.000000000000E+00  
0.000000000000E+00  1.0000000000000E+00 0.000000000000E+00  0.000000000000E+00  
0.000000000000E+00  0.000000000000E+00  1.0000000000000E+00 0.000000000000E+00  
0.000000000000E+00  0.000000000000E+00  0.000000000000E+00  1.0000000000000E+00 
NAMEMAP   WORLD               5    5    UTF8 UTF8 ELEMENT                       
WORLD                                                                           
WORLD                                                                           
NAMEMAP   HIEROBJECT1         14   14   UTF8 UTF8 ELEMENT                       
B001/B001_NCBF                                                                  
B001/B001_NCBF                                                                  
NAMEMAP   HIEROBJECT2         12   12   UTF8 UTF8 ELEMENT                       
B001/B001_cm                                                                    
B001/B001_cm                                                                    
NAMEMAP   HIEROBJECT3         14   14   UTF8 UTF8 ELEMENT                       
B002/B002_NCBF                                                                  
B002/B002_NCBF                                                                  
NAMEMAP   HIEROBJECT4         12   12   UTF8 UTF8 ELEMENT                       
B002/B002_cm                                                                    
B002/B002_cm                                                                    
NAMEMAP   HIEROBJECT5         14   14   UTF8 UTF8 ELEMENT                       
B003/B003_NCBF                                                                  
B003/B003_NCBF                                                                  
NAMEMAP   HIEROBJECT6         12   12   UTF8 UTF8 ELEMENT                       
B003/B003_cm                                                                    
B003/B003_cm                                                                    
NAMEMAP   HIEROBJECT7         14   14   UTF8 UTF8 ELEMENT                       
B004/B004_NCBF                                                                  
B004/B004_NCBF                                                                  
NAMEMAP   HIEROBJECT8         12   12   UTF8 UTF8 ELEMENT                       
B004/B004_cm                                                                    
B004/B004_cm                                                                    
NAMEMAP   HIEROBJECT9         14   14   UTF8 UTF8 ELEMENT                       
B005/B005_NCBF                                                                  
B005/B005_NCBF                                                                  
NAMEMAP   HIEROBJECT10        12   12   UTF8 UTF8 ELEMENT                       
B005/B005_cm                                                                    
B005/B005_cm                                                                    
NAMEMAP   HIEROBJECT11        26   26   UTF8 UTF8 ELEMENT                       
the_ground/the_ground_NCBF                                                      
the_ground/the_ground_NCBF                                                      
NAMEMAP   HIEROBJECT12        13   13   UTF8 UTF8 ELEMENT                       
the_ground_cm                                                                   
the_ground_cm                                                                   
NAMEMAP   HIEROBJECT13        13   13   UTF8 UTF8 ELEMENT                       
B001/B001_coi                                                                   
B001/B001_coi                                                                   
NAMEMAP   HIEROBJECT14        13   13   UTF8 UTF8 ELEMENT                       
B001/B001_com                                                                   
B001/B001_com                                                                   
NAMEMAP   HIEROBJECT15        5    11   UTF8 UTF8 ELEMENT                       
3/144                                                                           
B001/J004_i                                                                     
NAMEMAP   HIEROBJECT16        13   13   UTF8 UTF8 ELEMENT                       
B002/B002_coi                                                                   
B002/B002_coi                                                                   
NAMEMAP   HIEROBJECT17        13   13   UTF8 UTF8 ELEMENT                       
B002/B002_com                                                                   
B002/B002_com                                                                   
NAMEMAP   HIEROBJECT18        6    11   UTF8 UTF8 ELEMENT                       
15/177                                                                          
B002/J005_i                                                                     
NAMEMAP   HIEROBJECT19        13   13   UTF8 UTF8 ELEMENT                       
B003/B003_coi                                                                   
B003/B003_coi                                                                   
NAMEMAP   HIEROBJECT20        13   13   UTF8 UTF8 ELEMENT                       
B003/B003_com                                                                   
B003/B003_com                                                                   
NAMEMAP   HIEROBJECT21        6    11   UTF8 UTF8 ELEMENT                       
27/120                                                                          
B003/J003_i                                                                     
NAMEMAP   HIEROBJECT22        13   13   UTF8 UTF8 ELEMENT                       
B004/B004_coi                                                                   
B004/B004_coi                                                                   
NAMEMAP   HIEROBJECT23        13   13   UTF8 UTF8 ELEMENT                       
B004/B004_com                                                                   
B004/B004_com                                                                   
NAMEMAP   HIEROBJECT24        5    11   UTF8 UTF8 ELEMENT                       
39/96                                                                           
B004/J002_i                                                                     
NAMEMAP   HIEROBJECT25        13   13   UTF8 UTF8 ELEMENT                       
B005/B005_coi                                                                   
B005/B005_coi                                                                   
NAMEMAP   HIEROBJECT26        13   13   UTF8 UTF8 ELEMENT                       
B005/B005_com                                                                   
B005/B005_com                                                                   
NAMEMAP   HIEROBJECT27        5    11   UTF8 UTF8 ELEMENT                       
51/72                                                                           
B005/J001_i                                                                     
NAMEMAP   HIEROBJECT28        4    17   UTF8 UTF8 ELEMENT                       
2/73                                                                            
the_ground/J001_j                                                               
NAMEMAP   HIEROBJECT29        4    17   UTF8 UTF8 ELEMENT                       
2/97                                                                            
the_ground/J002_j                                                               
NAMEMAP   HIEROBJECT30        5    17   UTF8 UTF8 ELEMENT                       
2/121                                                                           
the_ground/J003_j                                                               
NAMEMAP   HIEROBJECT31        5    17   UTF8 UTF8 ELEMENT                       
2/145                                                                           
the_ground/J004_j                                                               
NAMEMAP   HIEROBJECT32        5    17   UTF8 UTF8 ELEMENT                       
2/178                                                                           
the_ground/J005_j                                                               
NAMEMAP   HIEROBJECT33        1    14   UTF8 UTF8 ELEMENT                       
1                                                                               
the_ground/gnd                                                                  
NAMEMAP   CURRENT_DIRECTORY   94   0    UTF8 UTF8 FILE                          
C:\Users\Ana's Office\João\PROJETO 2023\PROJETO-2023\R2 - SUB-ASSEMBLY ANTONIO 
LUCAS SIQUEIRA                                                                  
SYSTEM   GMETER               DYNAMIC             SPARSE    FULL_NCBF      TRUE 
9.8066500000000E+00 0.000000000000E+00  0.000000000000E+00  -1.000000000000E+00 
1.0000000000000E+00 0.000000000000E+00  1.0000000000000E+00 1.0000000000000E-02 
1.0000000000000E-09 1.0000000000000E-03 NULL_FALSEBINARY_ONLFALSEKILOGNEWTO    1
NONE                NONE                    1NONE                TRUE ITERAFALSE
NONE                NONE                                                        
NONE                                                                            
HEADER                                                                          
SET_IASIZE =    5000000;                                                        
SET_DASIZE =    5000000;                                                        
SDK_BUILD_INFO = RC1980MU_rc1 2021-09-17                                        
END                                                                             
DYNAMIC  ETRUE      INTERPOLATED        GLOBAL    BDF           1     HARWELL   
5.0000000000000E-02 1.0000000000000E-03 1.0000000000000E-03 1.0000000000000E-03 
NONE                QR       1TRUE                                              
PRELOAD  F          0.000000000000E+00      0                                   
NONE                                                                            
NONE                                                                            
NCBF     EBODY1_REF           BODY1               PARAMETERSPOSITIVE            
HIEROBJECT1                                                                     
0.000000000000E+00  0.000000000000E+00  0.000000000000E+00                      
BODY     EBODY1               POSITIVE  PARAMETERSFALSEFALSEFALSEFALSE          
NONE                NONE                NONE                                    
NONE                NONE                NONE                                    
HIEROBJECT2                                                                     
0.000000000000E+00  0.000000000000E+00  0.000000000000E+00                      
2.3879469834000E-01 1.4913693000000E-04 1.4773473000000E-04 7.3427510000000E-05 
0.000000000000E+00  0.000000000000E+00  0.000000000000E+00                      
0.000000000000E+00  0.000000000000E+00  0.000000000000E+00  FALSE               
0.000000000000E+00  0.000000000000E+00  0.000000000000E+00                      
NCBF     EBODY2_REF           BODY2               PARAMETERSPOSITIVE            
HIEROBJECT3                                                                     
0.000000000000E+00  0.000000000000E+00  0.000000000000E+00                      
BODY     EBODY2               POSITIVE  PARAMETERSFALSEFALSEFALSEFALSE          
NONE                NONE                NONE                                    
NONE                NONE                NONE                                    
HIEROBJECT4                                                                     
0.000000000000E+00  0.000000000000E+00  0.000000000000E+00                      
4.8377296940000E-02 4.6522230000000E-05 4.6464610000000E-05 9.5804000000000E-07 
0.000000000000E+00  0.000000000000E+00  0.000000000000E+00                      
0.000000000000E+00  0.000000000000E+00  0.000000000000E+00  FALSE               
0.000000000000E+00  0.000000000000E+00  0.000000000000E+00                      
NCBF     EBODY3_REF           BODY3               PARAMETERSPOSITIVE            
HIEROBJECT5                                                                     
0.000000000000E+00  0.000000000000E+00  0.000000000000E+00                      
BODY     EBODY3               POSITIVE  PARAMETERSFALSEFALSEFALSEFALSE          
NONE                NONE                NONE                                    
NONE                NONE                NONE                                    
HIEROBJECT6                                                                     
0.000000000000E+00  0.000000000000E+00  0.000000000000E+00                      
1.3579575965000E-01 6.3498320000000E-05 3.2340360000000E-05 3.2340360000000E-05 
0.000000000000E+00  0.000000000000E+00  0.000000000000E+00                      
0.000000000000E+00  0.000000000000E+00  0.000000000000E+00  FALSE               
0.000000000000E+00  0.000000000000E+00  0.000000000000E+00                      
NCBF     EBODY4_REF           BODY4               PARAMETERSPOSITIVE            
HIEROBJECT7                                                                     
0.000000000000E+00  0.000000000000E+00  0.000000000000E+00                      
BODY     EBODY4               POSITIVE  PARAMETERSFALSEFALSEFALSEFALSE          
NONE                NONE                NONE                                    
NONE                NONE                NONE                                    
HIEROBJECT8                                                                     
0.000000000000E+00  0.000000000000E+00  0.000000000000E+00                      
1.0357077447000E-01 1.3636070000000E-05 1.0424900000000E-05 1.0303780000000E-05 
0.000000000000E+00  0.000000000000E+00  0.000000000000E+00                      
0.000000000000E+00  0.000000000000E+00  0.000000000000E+00  FALSE               
0.000000000000E+00  0.000000000000E+00  0.000000000000E+00                      
NCBF     EBODY5_REF           BODY5               PARAMETERSPOSITIVE            
HIEROBJECT9                                                                     
0.000000000000E+00  0.000000000000E+00  0.000000000000E+00                      
BODY     EBODY5               POSITIVE  PARAMETERSFALSEFALSEFALSEFALSE          
NONE                NONE                NONE                                    
NONE                NONE                NONE                                    
HIEROBJECT10                                                                    
0.000000000000E+00  0.000000000000E+00  0.000000000000E+00                      
1.1273787037000E-01 1.8154780000000E-05 1.7335970000000E-05 1.2167080000000E-05 
0.000000000000E+00  0.000000000000E+00  0.000000000000E+00                      
0.000000000000E+00  0.000000000000E+00  0.000000000000E+00  FALSE               
0.000000000000E+00  0.000000000000E+00  0.000000000000E+00                      
NCBF     EBODY6_REF           BODY6               PARAMETERSPOSITIVE            
HIEROBJECT11                                                                    
0.000000000000E+00  0.000000000000E+00  0.000000000000E+00                      
BODY     EBODY6               POSITIVE  PARAMETERSTRUE FALSEFALSEFALSE          
NONE                NONE                NONE                                    
NONE                NONE                NONE                                    
HIEROBJECT12                                                                    
0.000000000000E+00  0.000000000000E+00  0.000000000000E+00                      
1.0000000000000E+00 1.0000000000000E+00 1.0000000000000E+00 1.0000000000000E+00 
0.000000000000E+00  0.000000000000E+00  0.000000000000E+00                      
0.000000000000E+00  0.000000000000E+00  0.000000000000E+00  FALSE               
0.000000000000E+00  0.000000000000E+00  0.000000000000E+00                      
CONTACT  GCONTACT_TESS1           1    1    1                                   
BODY2               BODY5               NONE                NONE                
CAD                 AUTO                                    NONE                
NONE                NONE                NONE                NONE                
0.000000000000E+00  0.000000000000E+00  0.000000000000E+00  5.0000000000000E-03 
0.000000000000E+00  0.000000000000E+00  0.000000000000E+00  0.000000000000E+00  
0.000000000000E+00  0.000000000000E+00  1.0000000000000E+00 0.000000000000E+00  
0.000000000000E+00  0.000000000000E+00  1.0000000000000E+00 0.000000000000E+00  
1.0000000000000E+00 0.000000000000E+00  0.000000000000E+00                      
1.0000000000000E+00 0.000000000000E+00  0.000000000000E+00  0.000000000000E+00  
0.000000000000E+00  1.0000000000000E+00 0.000000000000E+00  1.0000000000000E+00 
0.000000000000E+00  0.000000000000E+00  0.000000000000E+00  0.000000000000E+00  
1.0000000000000E+08 1.0000000000000E+04 0.000000000000E+00  0.000000000000E+00  
0.000000000000E+00  1.0000000000000E+00 0.000000000000E+00  0.000000000000E+00  
NONE                NONE                NONE                NONE                
NONE                3.0000000000000E-01 3.0000000000000E-01 5.0000000000000E-03 
TESSELLATED         FILE2               FILE1                                   
2.0000000000000E+00 2.5400000000000E-05 FALSEFALSE          1.0000000000000E-04 
0.000000000000E+00  1.0000000000000E-02 0.000000000000E+00  2.0000000000000E-02 
CONTACT  GCONTACT_TESS2           1    1    1                                   
BODY5               BODY2               NONE                NONE                
CAD                 AUTO                                    NONE                
NONE                NONE                NONE                NONE                
0.000000000000E+00  0.000000000000E+00  0.000000000000E+00  5.0000000000000E-03 
0.000000000000E+00  0.000000000000E+00  0.000000000000E+00  0.000000000000E+00  
0.000000000000E+00  0.000000000000E+00  1.0000000000000E+00 0.000000000000E+00  
0.000000000000E+00  0.000000000000E+00  1.0000000000000E+00 0.000000000000E+00  
1.0000000000000E+00 0.000000000000E+00  0.000000000000E+00                      
1.0000000000000E+00 0.000000000000E+00  0.000000000000E+00  0.000000000000E+00  
0.000000000000E+00  1.0000000000000E+00 0.000000000000E+00  1.0000000000000E+00 
0.000000000000E+00  0.000000000000E+00  0.000000000000E+00  0.000000000000E+00  
1.0000000000000E+08 1.0000000000000E+04 0.000000000000E+00  0.000000000000E+00  
0.000000000000E+00  1.0000000000000E+00 0.000000000000E+00  0.000000000000E+00  
NONE                NONE                NONE                NONE                
NONE                3.0000000000000E-01 3.0000000000000E-01 5.0000000000000E-03 
TESSELLATED         FILE1               FILE2                                   
2.0000000000000E+00 2.5400000000000E-05 FALSEFALSE          1.0000000000000E-04 
0.000000000000E+00  1.0000000000000E-02 0.000000000000E+00  2.0000000000000E-02 
CONTACT  GCONTACT_TESS3           1    1    1                                   
BODY3               BODY1               NONE                NONE                
CAD                 AUTO                                    NONE                
NONE                NONE                NONE                NONE                
0.000000000000E+00  0.000000000000E+00  0.000000000000E+00  5.0000000000000E-03 
0.000000000000E+00  0.000000000000E+00  0.000000000000E+00  0.000000000000E+00  
0.000000000000E+00  0.000000000000E+00  1.0000000000000E+00 0.000000000000E+00  
0.000000000000E+00  0.000000000000E+00  1.0000000000000E+00 0.000000000000E+00  
1.0000000000000E+00 0.000000000000E+00  0.000000000000E+00                      
1.0000000000000E+00 0.000000000000E+00  0.000000000000E+00  0.000000000000E+00  
0.000000000000E+00  1.0000000000000E+00 0.000000000000E+00  1.0000000000000E+00 
0.000000000000E+00  0.000000000000E+00  0.000000000000E+00  0.000000000000E+00  
1.0000000000000E+08 1.0000000000000E+04 0.000000000000E+00  0.000000000000E+00  
0.000000000000E+00  1.0000000000000E+00 0.000000000000E+00  0.000000000000E+00  
NONE                NONE                NONE                NONE                
NONE                3.0000000000000E-01 3.0000000000000E-01 5.0000000000000E-03 
TESSELLATED         FILE4               FILE3                                   
2.0000000000000E+00 2.5400000000000E-05 FALSEFALSE          1.0000000000000E-04 
0.000000000000E+00  1.0000000000000E-02 0.000000000000E+00  2.0000000000000E-02 
CONTACT  GCONTACT_TESS4           1    1    1                                   
BODY4               BODY5               NONE                NONE                
CAD                 AUTO                                    NONE                
NONE                NONE                NONE                NONE                
0.000000000000E+00  0.000000000000E+00  0.000000000000E+00  5.0000000000000E-03 
0.000000000000E+00  0.000000000000E+00  0.000000000000E+00  0.000000000000E+00  
0.000000000000E+00  0.000000000000E+00  1.0000000000000E+00 0.000000000000E+00  
0.000000000000E+00  0.000000000000E+00  1.0000000000000E+00 0.000000000000E+00  
1.0000000000000E+00 0.000000000000E+00  0.000000000000E+00                      
1.0000000000000E+00 0.000000000000E+00  0.000000000000E+00  0.000000000000E+00  
0.000000000000E+00  1.0000000000000E+00 0.000000000000E+00  1.0000000000000E+00 
0.000000000000E+00  0.000000000000E+00  0.000000000000E+00  0.000000000000E+00  
1.0000000000000E+08 1.0000000000000E+04 0.000000000000E+00  0.000000000000E+00  
0.000000000000E+00  1.0000000000000E+00 0.000000000000E+00  0.000000000000E+00  
NONE                NONE                NONE                NONE                
NONE                3.0000000000000E-01 3.0000000000000E-01 5.0000000000000E-03 
TESSELLATED         FILE6               FILE5                                   
2.0000000000000E+00 2.5400000000000E-05 FALSEFALSE          1.0000000000000E-04 
0.000000000000E+00  1.0000000000000E-02 0.000000000000E+00  2.0000000000000E-02 
REVOLUTE EREVOLUTE_JOINT1     BODY6               BODY5                         
HIEROBJECT28                                                                    
HIEROBJECT27                                                                    
0.000000000000E+00  0.000000000000E+00  1.0000000000000E+00                     
0.000000000000E+00  0.000000000000E+00  1.0000000000000E+00                     
1.0000000000000E+00 0.000000000000E+00  0.000000000000E+00                      
1.0000000000000E+00 0.000000000000E+00  0.000000000000E+00                      
REVOLUTE EREVOLUTE_JOINT2     BODY6               BODY4                         
HIEROBJECT29                                                                    
HIEROBJECT24                                                                    
0.000000000000E+00  0.000000000000E+00  1.0000000000000E+00                     
0.000000000000E+00  0.000000000000E+00  1.0000000000000E+00                     
1.0000000000000E+00 0.000000000000E+00  0.000000000000E+00                      
1.0000000000000E+00 0.000000000000E+00  0.000000000000E+00                      
REVOLUTE EREVOLUTE_JOINT3     BODY6               BODY3                         
HIEROBJECT30                                                                    
HIEROBJECT21                                                                    
0.000000000000E+00  0.000000000000E+00  1.0000000000000E+00                     
