HIEROBJ  EWORLD                                             NONE                
ROOT                                                                            
1.0000000000000E+00 0.000000000000E+00  0.000000000000E+00  0.000000000000E+00  
0.000000000000E+00  1.0000000000000E+00 0.000000000000E+00  0.000000000000E+00  
0.000000000000E+00  0.000000000000E+00  1.0000000000000E+00 0.000000000000E+00  
0.000000000000E+00  0.000000000000E+00  0.000000000000E+00  1.0000000000000E+00 
HIEROBJ  EHIEROBJECT1                                       NONE                
BODYNCBF  WORLD                                   BODY1                         
1.0000000000000E+00 0.000000000000E+00  0.000000000000E+00  0.000000000000E+00  
0.000000000000E+00  1.0000000000000E+00 0.000000000000E+00  0.000000000000E+00  
0.000000000000E+00  0.000000000000E+00  1.0000000000000E+00 0.000000000000E+00  
0.000000000000E+00  0.000000000000E+00  0.000000000000E+00  1.0000000000000E+00 
HIEROBJ  EHIEROBJECT2                                       NONE                
CGTRIAD   HIEROBJECT1                                                           
1.0000000000000E+00 0.000000000000E+00  0.000000000000E+00  0.000000000000E+00  
0.000000000000E+00  3.7555495682030E-01 9.2680012646077E-01 0.000000000000E+00  
0.000000000000E+00  -9.268001264608E-01 3.7555495682030E-01 0.000000000000E+00  
6.8669084840000E-02 6.9295000000000E-07 -6.250743493000E-02 1.0000000000000E+00 
HIEROBJ  EHIEROBJECT3                                       NONE                
BODYNCBF  WORLD                                   BODY2                         
1.0000000000000E+00 0.000000000000E+00  0.000000000000E+00  0.000000000000E+00  
0.000000000000E+00  1.0000000000000E+00 0.000000000000E+00  0.000000000000E+00  
0.000000000000E+00  0.000000000000E+00  1.0000000000000E+00 0.000000000000E+00  
0.000000000000E+00  0.000000000000E+00  0.000000000000E+00  1.0000000000000E+00 
HIEROBJ  EHIEROBJECT4                                       NONE                
CGTRIAD   HIEROBJECT3                                                           
-5.608003518099E-01 8.2768641778006E-01 2.0932253398159E-02 0.000000000000E+00  
8.2757839143663E-01 5.6112722458306E-01 -1.581909791567E-02 0.000000000000E+00  
-2.483890973991E-02 8.4517249199721E-03 -9.996557391967E-01 0.000000000000E+00  
7.0553715930000E-02 1.2687114650000E-02 2.1312462080000E-02 1.0000000000000E+00 
HIEROBJ  EHIEROBJECT5                                       NONE                
BODYNCBF  WORLD                                   BODY3                         
1.0000000000000E+00 0.000000000000E+00  0.000000000000E+00  0.000000000000E+00  
0.000000000000E+00  1.0000000000000E+00 0.000000000000E+00  0.000000000000E+00  
0.000000000000E+00  0.000000000000E+00  1.0000000000000E+00 0.000000000000E+00  
0.000000000000E+00  0.000000000000E+00  0.000000000000E+00  1.0000000000000E+00 
HIEROBJ  EHIEROBJECT6                                       NONE                
CGTRIAD   HIEROBJECT5                                                           
9.6578094378867E-02 5.3152569954477E-01 8.4151833159450E-01 0.000000000000E+00  
9.8675135807665E-01 5.9604904851208E-02 -1.508940444536E-01 0.000000000000E+00  
-1.303626826206E-01 8.4494241581372E-01 -5.187271777523E-01 0.000000000000E+00  
5.5955882820000E-02 1.4955574510000E-02 2.6289154000000E-02 1.0000000000000E+00 
HIEROBJ  EHIEROBJECT7                                       NONE                
BODYNCBF  WORLD                                   BODY4                         
1.0000000000000E+00 0.000000000000E+00  0.000000000000E+00  0.000000000000E+00  
0.000000000000E+00  1.0000000000000E+00 0.000000000000E+00  0.000000000000E+00  
0.000000000000E+00  0.000000000000E+00  1.0000000000000E+00 0.000000000000E+00  
0.000000000000E+00  0.000000000000E+00  0.000000000000E+00  1.0000000000000E+00 
HIEROBJ  EHIEROBJECT8                                       NONE                
CGTRIAD   HIEROBJECT7                                                           
1.0000000000000E+00 0.000000000000E+00  0.000000000000E+00  0.000000000000E+00  
0.000000000000E+00  1.0000000000000E+00 0.000000000000E+00  0.000000000000E+00  
0.000000000000E+00  0.000000000000E+00  1.0000000000000E+00 0.000000000000E+00  
0.000000000000E+00  0.000000000000E+00  0.000000000000E+00  1.0000000000000E+00 
HIEROBJ  EHIEROBJECT9                                       NONE                
JFCTRIAD  HIEROBJECT1                                                           
1.0000000000000E+00 0.000000000000E+00  0.000000000000E+00  0.000000000000E+00  
0.000000000000E+00  3.7555495682030E-01 9.2680012646077E-01 0.000000000000E+00  
0.000000000000E+00  -9.268001264608E-01 3.7555495682030E-01 0.000000000000E+00  
0.000000000000E+00  0.000000000000E+00  0.000000000000E+00  1.0000000000000E+00 
HIEROBJ  EHIEROBJECT10                                      NONE                
JFCTRIAD  HIEROBJECT1                                                           
1.0000000000000E+00 0.000000000000E+00  0.000000000000E+00  0.000000000000E+00  
0.000000000000E+00  3.7555495682030E-01 9.2680012646077E-01 0.000000000000E+00  
0.000000000000E+00  -9.268001264608E-01 3.7555495682030E-01 0.000000000000E+00  
6.8669084840000E-02 6.9295000000000E-07 -6.250743493000E-02 1.0000000000000E+00 
HIEROBJ  EHIEROBJECT11                                      NONE                
JFCTRIAD  HIEROBJECT1                                                           
2.2204460492503E-16 0.000000000000E+00  -1.000000000000E+00 0.000000000000E+00  
0.000000000000E+00  1.0000000000000E+00 0.000000000000E+00  0.000000000000E+00  
1.0000000000000E+00 0.000000000000E+00  2.2204460492503E-16 0.000000000000E+00  
6.3669084837503E-02 0.000000000000E+00  -6.250000000000E-02 1.0000000000000E+00 
HIEROBJ  EHIEROBJECT12                                      NONE                
JFCTRIAD  HIEROBJECT3                                                           
-5.608003518099E-01 8.2768641778006E-01 2.0932253398159E-02 0.000000000000E+00  
8.2757839143663E-01 5.6112722458306E-01 -1.581909791567E-02 0.000000000000E+00  
-2.483890973991E-02 8.4517249199721E-03 -9.996557391967E-01 0.000000000000E+00  
0.000000000000E+00  0.000000000000E+00  0.000000000000E+00  1.0000000000000E+00 
HIEROBJ  EHIEROBJECT13                                      NONE                
JFCTRIAD  HIEROBJECT3                                                           
-5.608003518099E-01 8.2768641778006E-01 2.0932253398159E-02 0.000000000000E+00  
8.2757839143663E-01 5.6112722458306E-01 -1.581909791567E-02 0.000000000000E+00  
-2.483890973991E-02 8.4517249199721E-03 -9.996557391967E-01 0.000000000000E+00  
7.0553715930000E-02 1.2687114650000E-02 2.1312462080000E-02 1.0000000000000E+00 
HIEROBJ  EHIEROBJECT14                                      NONE                
JFCTRIAD  HIEROBJECT3                                                           
2.2204460492503E-16 0.000000000000E+00  1.0000000000000E+00 0.000000000000E+00  
0.000000000000E+00  1.0000000000000E+00 0.000000000000E+00  0.000000000000E+00  
-1.000000000000E+00 0.000000000000E+00  2.2204460492503E-16 0.000000000000E+00  
6.0183413659190E-02 1.1254032271105E-02 2.7870701353495E-02 1.0000000000000E+00 
HIEROBJ  EHIEROBJECT15                                      NONE                
JFCTRIAD  HIEROBJECT3                                                           
1.0000000000000E+00 0.000000000000E+00  -7.910339050454E-16 0.000000000000E+00  
0.000000000000E+00  1.0000000000000E+00 -7.875644580935E-16 0.000000000000E+00  
7.9103390504542E-16 7.8756445809347E-16 1.0000000000000E+00 0.000000000000E+00  
6.8500000000000E-02 1.2500000000000E-02 -6.250000000000E-02 1.0000000000000E+00 
HIEROBJ  EHIEROBJECT16                                      NONE                
JFCTRIAD  HIEROBJECT5                                                           
9.6578094378867E-02 5.3152569954477E-01 8.4151833159450E-01 0.000000000000E+00  
9.8675135807665E-01 5.9604904851208E-02 -1.508940444536E-01 0.000000000000E+00  
-1.303626826206E-01 8.4494241581372E-01 -5.187271777523E-01 0.000000000000E+00  
0.000000000000E+00  0.000000000000E+00  0.000000000000E+00  1.0000000000000E+00 
HIEROBJ  EHIEROBJECT17                                      NONE                
JFCTRIAD  HIEROBJECT5                                                           
9.6578094378867E-02 5.3152569954477E-01 8.4151833159450E-01 0.000000000000E+00  
9.8675135807665E-01 5.9604904851208E-02 -1.508940444536E-01 0.000000000000E+00  
-1.303626826206E-01 8.4494241581372E-01 -5.187271777523E-01 0.000000000000E+00  
5.5955882820000E-02 1.4955574510000E-02 2.6289154000000E-02 1.0000000000000E+00 
HIEROBJ  EHIEROBJECT18                                      NONE                
JFCTRIAD  HIEROBJECT5                                                           
2.2204460492503E-16 0.000000000000E+00  1.0000000000000E+00 0.000000000000E+00  
0.000000000000E+00  1.0000000000000E+00 0.000000000000E+00  0.000000000000E+00  
-1.000000000000E+00 0.000000000000E+00  2.2204460492503E-16 0.000000000000E+00  
5.2169084837503E-02 6.9757301005241E-03 3.2493793251709E-02 1.0000000000000E+00 
HIEROBJ  EHIEROBJECT19                                      NONE                
JFCTRIAD  HIEROBJECT7                                                           
2.2204460492503E-16 0.000000000000E+00  -1.000000000000E+00 0.000000000000E+00  
0.000000000000E+00  1.0000000000000E+00 0.000000000000E+00  0.000000000000E+00  
1.0000000000000E+00 0.000000000000E+00  2.2204460492503E-16 0.000000000000E+00  
6.3669084837503E-02 0.000000000000E+00  -6.250000000000E-02 1.0000000000000E+00 
HIEROBJ  EHIEROBJECT20                                      NONE                
JFCTRIAD  HIEROBJECT7                                                           
1.0000000000000E+00 0.000000000000E+00  -7.910339050454E-16 0.000000000000E+00  
0.000000000000E+00  1.0000000000000E+00 -7.875644580935E-16 0.000000000000E+00  
7.9103390504542E-16 7.8756445809347E-16 1.0000000000000E+00 0.000000000000E+00  
6.8500000000000E-02 1.2500000000000E-02 -6.250000000000E-02 1.0000000000000E+00 
HIEROBJ  EHIEROBJECT21                                      NONE                
JFCTRIAD  HIEROBJECT7                                                           
1.0000000000000E+00 0.000000000000E+00  0.000000000000E+00  0.000000000000E+00  
0.000000000000E+00  1.0000000000000E+00 0.000000000000E+00  0.000000000000E+00  
0.000000000000E+00  0.000000000000E+00  1.0000000000000E+00 0.000000000000E+00  
0.000000000000E+00  0.000000000000E+00  0.000000000000E+00  1.0000000000000E+00 
NAMEMAP   WORLD               5    5    UTF8 UTF8 ELEMENT                       
WORLD                                                                           
WORLD                                                                           
NAMEMAP   HIEROBJECT1         14   14   UTF8 UTF8 ELEMENT                       
B001/B001_NCBF                                                                  
B001/B001_NCBF                                                                  
NAMEMAP   HIEROBJECT2         12   12   UTF8 UTF8 ELEMENT                       
B001/B001_cm                                                                    
B001/B001_cm                                                                    
NAMEMAP   HIEROBJECT3         14   14   UTF8 UTF8 ELEMENT                       
B002/B002_NCBF                                                                  
B002/B002_NCBF                                                                  
NAMEMAP   HIEROBJECT4         12   12   UTF8 UTF8 ELEMENT                       
B002/B002_cm                                                                    
B002/B002_cm                                                                    
NAMEMAP   HIEROBJECT5         14   14   UTF8 UTF8 ELEMENT                       
B003/B003_NCBF                                                                  
B003/B003_NCBF                                                                  
NAMEMAP   HIEROBJECT6         12   12   UTF8 UTF8 ELEMENT                       
B003/B003_cm                                                                    
B003/B003_cm                                                                    
NAMEMAP   HIEROBJECT7         26   26   UTF8 UTF8 ELEMENT                       
the_ground/the_ground_NCBF                                                      
the_ground/the_ground_NCBF                                                      
NAMEMAP   HIEROBJECT8         13   13   UTF8 UTF8 ELEMENT                       
the_ground_cm                                                                   
the_ground_cm                                                                   
NAMEMAP   HIEROBJECT9         13   13   UTF8 UTF8 ELEMENT                       
B001/B001_coi                                                                   
B001/B001_coi                                                                   
NAMEMAP   HIEROBJECT10        13   13   UTF8 UTF8 ELEMENT                       
B001/B001_com                                                                   
B001/B001_com                                                                   
NAMEMAP   HIEROBJECT11        4    11   UTF8 UTF8 ELEMENT                       
3/72                                                                            
B001/J002_i                                                                     
NAMEMAP   HIEROBJECT12        13   13   UTF8 UTF8 ELEMENT                       
B002/B002_coi                                                                   
B002/B002_coi                                                                   
NAMEMAP   HIEROBJECT13        13   13   UTF8 UTF8 ELEMENT                       
B002/B002_com                                                                   
B002/B002_com                                                                   
NAMEMAP   HIEROBJECT14        5    11   UTF8 UTF8 ELEMENT                       
15/49                                                                           
B002/J001_j                                                                     
NAMEMAP   HIEROBJECT15        5    11   UTF8 UTF8 ELEMENT                       
15/96                                                                           
B002/J003_i                                                                     
NAMEMAP   HIEROBJECT16        13   13   UTF8 UTF8 ELEMENT                       
B003/B003_coi                                                                   
B003/B003_coi                                                                   
NAMEMAP   HIEROBJECT17        13   13   UTF8 UTF8 ELEMENT                       
B003/B003_com                                                                   
B003/B003_com                                                                   
NAMEMAP   HIEROBJECT18        5    11   UTF8 UTF8 ELEMENT                       
27/48                                                                           
B003/J001_i                                                                     
NAMEMAP   HIEROBJECT19        4    17   UTF8 UTF8 ELEMENT                       
2/73                                                                            
the_ground/J002_j                                                               
NAMEMAP   HIEROBJECT20        4    17   UTF8 UTF8 ELEMENT                       
2/97                                                                            
the_ground/J003_j                                                               
NAMEMAP   HIEROBJECT21        1    14   UTF8 UTF8 ELEMENT                       
1                                                                               
the_ground/gnd                                                                  
NAMEMAP   CURRENT_DIRECTORY   82   0    UTF8 UTF8 FILE                          
C:\Users\Ana's Office\João\PROJETO 2023\PROJETO-2023\R4 - SUB-ASSEMBLY LUCAS LI
MA                                                                              
SYSTEM   GMETER               DYNAMIC             SPARSE    FULL_NCBF      TRUE 
9.8066500000000E+00 0.000000000000E+00  0.000000000000E+00  -1.000000000000E+00 
1.0000000000000E+00 0.000000000000E+00  1.0000000000000E+00 1.0000000000000E-02 
1.0000000000000E-09 1.0000000000000E-03 NULL_FALSEBINARY_ONLFALSEKILOGNEWTO    1
NONE                NONE                    1NONE                TRUE ITERAFALSE
NONE                NONE                                                        
NONE                                                                            
HEADER                                                                          
SET_IASIZE =    5000000;                                                        
SET_DASIZE =    5000000;                                                        
SDK_BUILD_INFO = RC1980MU_rc1 2021-09-17                                        
END                                                                             
DYNAMIC  ETRUE      INTERPOLATED        GLOBAL    BDF           1     HARWELL   
5.0000000000000E-02 1.0000000000000E-03 1.0000000000000E-03 1.0000000000000E-03 
NONE                QR       1TRUE                                              
PRELOAD  F          0.000000000000E+00      0                                   
NONE                                                                            
NONE                                                                            
NCBF     EBODY1_REF           BODY1               PARAMETERSPOSITIVE            
HIEROBJECT1                                                                     
0.000000000000E+00  0.000000000000E+00  0.000000000000E+00                      
BODY     EBODY1               POSITIVE  PARAMETERSFALSEFALSEFALSEFALSE          
NONE                NONE                NONE                                    
NONE                NONE                NONE                                    
HIEROBJECT2                                                                     
0.000000000000E+00  0.000000000000E+00  0.000000000000E+00                      
2.0285304240000E-02 1.7743100000000E-06 1.0571700000000E-06 1.0552200000000E-06 
0.000000000000E+00  0.000000000000E+00  0.000000000000E+00                      
0.000000000000E+00  0.000000000000E+00  0.000000000000E+00  FALSE               
0.000000000000E+00  0.000000000000E+00  0.000000000000E+00                      
NCBF     EBODY2_REF           BODY2               PARAMETERSPOSITIVE            
HIEROBJECT3                                                                     
0.000000000000E+00  0.000000000000E+00  0.000000000000E+00                      
BODY     EBODY2               POSITIVE  PARAMETERSFALSEFALSEFALSEFALSE          
NONE                NONE                NONE                                    
NONE                NONE                NONE                                    
HIEROBJECT4                                                                     
0.000000000000E+00  0.000000000000E+00  0.000000000000E+00                      
1.4404905284000E-01 1.2572305000000E-04 1.2429585000000E-04 9.6136700000000E-06 
0.000000000000E+00  0.000000000000E+00  0.000000000000E+00                      
0.000000000000E+00  0.000000000000E+00  0.000000000000E+00  FALSE               
0.000000000000E+00  0.000000000000E+00  0.000000000000E+00                      
NCBF     EBODY3_REF           BODY3               PARAMETERSPOSITIVE            
HIEROBJECT5                                                                     
0.000000000000E+00  0.000000000000E+00  0.000000000000E+00                      
BODY     EBODY3               POSITIVE  PARAMETERSFALSEFALSEFALSEFALSE          
NONE                NONE                NONE                                    
NONE                NONE                NONE                                    
HIEROBJECT6                                                                     
0.000000000000E+00  0.000000000000E+00  0.000000000000E+00                      
7.7439158000000E-03 4.0989000000000E-07 3.4836000000000E-07 1.1869000000000E-07 
0.000000000000E+00  0.000000000000E+00  0.000000000000E+00                      
0.000000000000E+00  0.000000000000E+00  0.000000000000E+00  FALSE               
0.000000000000E+00  0.000000000000E+00  0.000000000000E+00                      
NCBF     EBODY4_REF           BODY4               PARAMETERSPOSITIVE            
HIEROBJECT7                                                                     
0.000000000000E+00  0.000000000000E+00  0.000000000000E+00                      
BODY     EBODY4               POSITIVE  PARAMETERSTRUE FALSEFALSEFALSE          
NONE                NONE                NONE                                    
NONE                NONE                NONE                                    
HIEROBJECT8                                                                     
0.000000000000E+00  0.000000000000E+00  0.000000000000E+00                      
1.0000000000000E+00 1.0000000000000E+00 1.0000000000000E+00 1.0000000000000E+00 
0.000000000000E+00  0.000000000000E+00  0.000000000000E+00                      
0.000000000000E+00  0.000000000000E+00  0.000000000000E+00  FALSE               
0.000000000000E+00  0.000000000000E+00  0.000000000000E+00                      
CONTACT  GCONTACT_TESS1           1    1    1                                   
BODY1               BODY2               NONE                NONE                
CAD                 AUTO                                    NONE                
NONE                NONE                NONE                NONE                
0.000000000000E+00  0.000000000000E+00  0.000000000000E+00  5.0000000000000E-03 
0.000000000000E+00  0.000000000000E+00  0.000000000000E+00  0.000000000000E+00  
0.000000000000E+00  0.000000000000E+00  1.0000000000000E+00 0.000000000000E+00  
0.000000000000E+00  0.000000000000E+00  1.0000000000000E+00 0.000000000000E+00  
1.0000000000000E+00 0.000000000000E+00  0.000000000000E+00                      
1.0000000000000E+00 0.000000000000E+00  0.000000000000E+00  0.000000000000E+00  
0.000000000000E+00  1.0000000000000E+00 0.000000000000E+00  1.0000000000000E+00 
0.000000000000E+00  0.000000000000E+00  0.000000000000E+00  0.000000000000E+00  
1.0000000000000E+08 1.0000000000000E+04 0.000000000000E+00  0.000000000000E+00  
0.000000000000E+00  1.0000000000000E+00 0.000000000000E+00  0.000000000000E+00  
NONE                NONE                NONE                NONE                
NONE                3.0000000000000E-01 3.0000000000000E-01 5.0000000000000E-03 
TESSELLATED         FILE2               FILE1                                   
2.0000000000000E+00 2.5400000000000E-05 FALSEFALSE          1.0000000000000E-04 
0.000000000000E+00  1.0000000000000E-02 0.000000000000E+00  2.0000000000000E-02 
CONTACT  GCONTACT_TESS2           1    1    1                                   
BODY3               BODY2               NONE                NONE                
CAD                 AUTO                                    NONE                
NONE                NONE                NONE                NONE                
0.000000000000E+00  0.000000000000E+00  0.000000000000E+00  5.0000000000000E-03 
0.000000000000E+00  0.000000000000E+00  0.000000000000E+00  0.000000000000E+00  
0.000000000000E+00  0.000000000000E+00  1.0000000000000E+00 0.000000000000E+00  
0.000000000000E+00  0.000000000000E+00  1.0000000000000E+00 0.000000000000E+00  
1.0000000000000E+00 0.000000000000E+00  0.000000000000E+00                      
1.0000000000000E+00 0.000000000000E+00  0.000000000000E+00  0.000000000000E+00  
0.000000000000E+00  1.0000000000000E+00 0.000000000000E+00  1.0000000000000E+00 
0.000000000000E+00  0.000000000000E+00  0.000000000000E+00  0.000000000000E+00  
1.0000000000000E+08 1.0000000000000E+04 0.000000000000E+00  0.000000000000E+00  
0.000000000000E+00  1.0000000000000E+00 0.000000000000E+00  0.000000000000E+00  
NONE                NONE                NONE                NONE                
NONE                3.0000000000000E-01 3.0000000000000E-01 5.0000000000000E-03 
TESSELLATED         FILE4               FILE3                                   
2.0000000000000E+00 2.5400000000000E-05 FALSEFALSE          1.0000000000000E-04 
0.000000000000E+00  1.0000000000000E-02 0.000000000000E+00  2.0000000000000E-02 
REVOLUTE EREVOLUTE_JOINT1     BODY2               BODY3                         
HIEROBJECT14                                                                    
HIEROBJECT18                                                                    
0.000000000000E+00  0.000000000000E+00  1.0000000000000E+00                     
0.000000000000E+00  0.000000000000E+00  1.0000000000000E+00                     
1.0000000000000E+00 0.000000000000E+00  0.000000000000E+00                      
1.0000000000000E+00 0.000000000000E+00  0.000000000000E+00                      
REVOLUTE EREVOLUTE_JOINT2     BODY4               BODY1                         
HIEROBJECT19                                                                    
HIEROBJECT11                                                                    
0.000000000000E+00  0.000000000000E+00  1.0000000000000E+00                     
0.000000000000E+00  0.000000000000E+00  1.0000000000000E+00                     
1.0000000000000E+00 0.000000000000E+00  0.000000000000E+00                      
1.0000000000000E+00 0.000000000000E+00  0.000000000000E+00                      
TRANS    ETRANS_JOINT1        BODY4               BODY2                         
HIEROBJECT20                                                                    
HIEROBJECT15                                                                    
0.000000000000E+00  0.000000000000E+00  1.0000000000000E+00                     
0.000000000000E+00  0.000000000000E+00  1.0000000000000E+00                     
1.0000000000000E+00 0.000000000000E+00  0.000000000000E+00                      
1.0000000000000E+00 0.000000000000E+00  0.000000000000E+00                      
DRIVER   GDRIVER_JOINT1       NONE                NONE                POSIT     
REL.ANGLE POLYNOMIAL          NONE                REVOLUTE_JOINT2               
0.000000000000E+00  0.000000000000E+00  0.000000000000E+00  NONE                
0.000000000000E+00  0.000000000000E+00  0.000000000000E+00  NONE                
0.000000000000E+00  0.000000000000E+00  1.0000000000000E+00                     
0.000000000000E+00  0.000000000000E+00  1.0000000000000E+00 0.000000000000E+00  
1.0000000000000E+00 0.000000000000E+00  0.000000000000E+00                      
1.0000000000000E+00 0.000000000000E+00  0.000000000000E+00                      
0.000000000000E+00  6.2831853071796E+00 0.000000000000E+00  0.000000000000E+00  
NONE                                                        ACTIV               
UNUSED                                                                          
UNUSED                                                                          
UNUSED                                                                          
UNUSED                                                                          
UNUSED                                                                          
UNUSED                                                                          
UNUSED                                                                          
NAMEMAP   SYSTEM_DATA1        11   11   UTF8 UTF8 ELEMENT                       
Mandatory:1                                                                     
Mandatory:1                                                                     
NAMEMAP   DYNAMIC_DATA1       11   11   UTF8 UTF8 ELEMENT                       
Mandatory:2                                                                     
Mandatory:2                                                                     
NAMEMAP   PRELOAD_DATA1       11   11   UTF8 UTF8 ELEMENT                       
Mandatory:5                                                                     
Mandatory:5                                                                     
NAMEMAP   BODY1               4    4    UTF8 UTF8 ELEMENT                       
B001                                                                            
B001                                                                            
NAMEMAP   BODY1_REF           8    8    UTF8 UTF8 ELEMENT                       
B001_REF                                                                        
B001_REF                                                                        
NAMEMAP   BODY2               4    4    UTF8 UTF8 ELEMENT                       
B002                                                                            
B002                                                                            
NAMEMAP   BODY2_REF           8    8    UTF8 UTF8 ELEMENT                       
B002_REF                                                                        
B002_REF                                                                        
NAMEMAP   BODY3               4    4    UTF8 UTF8 ELEMENT                       
B003                                                                            
B003                                                                            
NAMEMAP   BODY3_REF           8    8    UTF8 UTF8 ELEMENT                       
B003_REF                                                                        
B003_REF                                                                        
NAMEMAP   BODY4               10   10   UTF8 UTF8 ELEMENT                       
the_ground                                                                      
the_ground                                                                      
NAMEMAP   BODY4_REF           14   14   UTF8 UTF8 ELEMENT                       
the_ground_REF                                                                  
the_ground_REF                                                                  
NAMEMAP   CONTACT_TESS1       4    4    UTF8 UTF8 ELEMENT                       
G001                                                                            
G001                                                                            
NAMEMAP   CONTACT_TESS2       4    4    UTF8 UTF8 ELEMENT                       
G003                                                                            
G003                                                                            
NAMEMAP   REVOLUTE_JOINT1     4    4    UTF8 UTF8 ELEMENT                       
J001                                                                            
J001                                                                            
NAMEMAP   REVOLUTE_JOINT2     4    4    UTF8 UTF8 ELEMENT                       
J002                                                                            
J002                                                                            
NAMEMAP   TRANS_JOINT1        4    4    UTF8 UTF8 ELEMENT                       
J003                                                                            
J003                                                                            
NAMEMAP   DRIVER_JOINT1       14   14   UTF8 UTF8 ELEMENT                       
MOTION_J002_RZ                                                                  
MOTION_J002_RZ                                                                  
NAMEMAP   FILE1               140  0    UTF8 UTF8 FILE                          
C:\Users\Ana's Office\João\PROJETO 2023\PROJETO-2023\R4 - SUB-ASSEMBLY LUCAS LI
MA\MONTAGEM-R4-SIM-MOTION-SIMULAÇÃO-INDIVIDUAL_33_B002.off                    
NAMEMAP   FILE2               140  0    UTF8 UTF8 FILE                          
C:\Users\Ana's Office\João\PROJETO 2023\PROJETO-2023\R4 - SUB-ASSEMBLY LUCAS LI
MA\MONTAGEM-R4-SIM-MOTION-SIMULAÇÃO-INDIVIDUAL_33_B001.off                    
NAMEMAP   FILE3               140  0    UTF8 UTF8 FILE                          
C:\Users\Ana's Office\João\PROJETO 2023\PROJETO-2023\R4 - SUB-ASSEMBLY LUCAS LI
MA\MONTAGEM-R4-SIM-MOTION-SIMULAÇÃO-INDIVIDUAL_34_B002.off                    
NAMEMAP   FILE4               140  0    UTF8 UTF8 FILE                          
C:\Users\Ana's Office\João\PROJETO 2023\PROJETO-2023\R4 - SUB-ASSEMBLY LUCAS LI
MA\MONTAGEM-R4-SIM-MOTION-SIMULAÇÃO-INDIVIDUAL_34_B003.off                    
